CID	IDC	CPNM	CROPNAME	PHU	RUE	HVSTI	MLAI	FRGRW1	FRGRW2	LAIMX1	LAIMX2	DLAI	CHTMX	RDMX	TOPT	TBASE	CNYLD	CPYLD	BN1	BN2	BN3	BP1	BP2	BP3	WSYF	GSI	VPDFR	FRGMAX	WAVP	CO2HI	BIOEHI	RSDCO_PL	LID	HU_EC1 	HU_EC2	HU_EC3	HU_EC4	HU_EC5	HU_EC6	HU_EC7	HU_EC8	HU_EC9	LAIMIN	endbioN	maxfert	bion02	bion04	bion06	bion08
1	4	AGRL	Agricultural Land-Generic	1600.0	33.5	0.45	3.0	0.15	0.5	0.05	0.95	0.64	1.0	2.0	30.0	11.0	0.02	0.0	0.04	0.02	0.01	0.01	0.0	0.0	0.25	0.01	4.0	0.75	8.5	660.0	36.0	0.05	7.0	0.0	0.0	0.0	0.0	0.0	0.0	0.0	0.0	0.0	1.0	234.5	117.25	2.0	20.0	70.0	120.0
2	4	AGRR	Agricultural Land-Row Crops	1600.0	39.0	0.5	3.0	0.15	0.5	0.05	0.95	0.7	2.5	2.0	25.0	8.0	0.01	0.0	0.05	0.02	0.01	0.0	0.0	0.0	0.3	0.01	4.0	0.75	7.2	660.0	45.0	0.05	7.0	0.0	0.0	0.0	0.0	0.0	0.0	0.0	0.0	0.0	1.0	136.5	68.25	2.0	20.0	70.0	120.0
3	5	AGRC	Agricultural Land-Close-grown	1600.0	30.0	0.4	4.0	0.05	0.45	0.05	0.95	0.5	0.9	1.3	18.0	0.0	0.03	0.0	0.07	0.03	0.01	0.01	0.0	0.0	0.2	0.01	4.0	0.75	6.0	660.0	39.0	0.05	7.0	0.0	0.0	0.0	0.0	0.0	0.0	0.0	0.0	0.0	1.0	315.0	157.5	2.0	20.0	70.0	120.0
4	7	ORCD	Orchard	1600.0	15.0	0.1	4.0	0.1	0.5	0.15	0.75	0.99	3.5	2.0	20.0	7.0	0.0	0.0	0.01	0.0	0.0	0.0	0.0	0.0	0.05	0.01	4.0	0.75	3.0	660.0	20.0	0.05	6.0	0.0	0.0	0.0	0.0	0.0	0.0	0.0	0.0	0.0	1.0	0.0	0.0	2.0	20.0	70.0	120.0
5	6	HAY	Hay	1600.0	35.0	0.9	4.0	0.05	0.49	0.05	0.95	0.99	0.5	2.0	25.0	12.0	0.02	0.0	0.06	0.02	0.01	0.01	0.0	0.0	0.9	0.01	4.0	0.75	10.0	660.0	36.0	0.05	3.0	0.0	0.0	0.0	0.0	0.0	0.0	0.0	0.0	0.0	1.0	245.0	122.5	2.0	20.0	70.0	120.0
6	7	FRST	Forest-Mixed	1600.0	18.0	0.1	6.0	0.1	0.5	0.5	0.99	0.99	24.0	2.0	15.0	7.0	0.005	0.0	0.011	0.01	0.009	0.0	0.0	0.0	0.01	0.0	4.0	0.75	8.0	660.0	16.0	0.05	6.0	0.0	0.0	0.0	0.0	0.0	0.0	0.0	0.0	0.0	3.0	31.5	15.75	2.0	20.0	70.0	120.0
7	7	FRSD	Forest-Deciduous	1600.0	16.0	0.1	5.9	0.05	0.2	0.5	0.99	0.99	23.0	1.5	15.0	8.0	0.005	0.0	0.011	0.01	0.009	0.0	0.0	0.0	0.01	0.0	4.0	0.75	8.0	660.0	16.0	0.05	5.0	0.0	0.0	0.0	0.0	0.0	0.0	0.0	0.0	0.0	2.0	28.0	14.0	2.0	20.0	70.0	120.0
8	7	FRSE	Forest-Evergreen	1600.0	20.0	0.1	6.2	0.2	0.5	0.5	0.99	0.99	25.0	2.5	15.0	6.0	0.005	0.0	0.011	0.01	0.009	0.0	0.0	0.0	0.6	0.0	4.0	0.75	8.0	660.0	16.0	0.05	4.0	0.0	0.0	0.0	0.0	0.0	0.0	0.0	0.0	0.0	5.0	35.0	17.5	2.0	20.0	70.0	120.0
9	6	WETL	Wetlands-Mixed	1600.0	47.0	0.9	6.0	0.1	0.2	0.2	0.95	0.7	2.5	2.2	25.0	12.0	0.02	0.0	0.04	0.02	0.0	0.0	0.0	0.0	0.9	0.01	4.0	0.75	8.5	660.0	54.0	0.05	9.0	0.0	0.0	0.0	0.0	0.0	0.0	0.0	0.0	0.0	2.0	329.0	164.5	2.0	20.0	70.0	120.0
10	7	WETF	Wetlands-Forested	1600.0	15.0	0.76	5.0	0.05	0.4	0.05	0.95	0.99	6.0	3.5	30.0	10.0	0.0	0.0	0.01	0.0	0.0	0.0	0.0	0.0	0.01	0.0	4.0	0.75	8.0	660.0	16.0	0.05	9.0	0.0	0.0	0.0	0.0	0.0	0.0	0.0	0.0	0.0	2.0	0.0	0.0	2.0	20.0	70.0	120.0
11	6	WETN	Wetlands-Non-Forested	1600.0	47.0	0.9	6.0	0.1	0.2	0.2	0.95	0.7	2.5	2.2	25.0	12.0	0.02	0.0	0.04	0.02	0.0	0.0	0.0	0.0	0.9	0.01	4.0	0.75	8.5	660.0	54.0	0.05	9.0	0.0	0.0	0.0	0.0	0.0	0.0	0.0	0.0	0.0	2.0	329.0	164.5	2.0	20.0	70.0	120.0
12	6	PAST	Pasture	700.0	30.0	0.9	4.0	0.1	0.5	0.5	0.99	0.99	0.9	0.8	21.0	2.5	0.013	0.0	0.015	0.014	0.013	0.01	0.0	0.0	0.9	0.01	4.0	0.75	10.0	660.0	36.0	0.05	3.0	0.0	0.0	0.0	0.0	0.0	0.0	0.0	0.0	0.0	1.0	300.0	150.0	2.0	20.0	70.0	120.0
13	6	SPAS	Summer Pasture	1600.0	35.0	0.9	4.0	0.05	0.49	0.05	0.95	0.99	0.5	2.0	25.0	12.0	0.02	0.0	0.06	0.02	0.01	0.01	0.0	0.0	0.9	0.01	4.0	0.75	10.0	660.0	36.0	0.05	3.0	0.0	0.0	0.0	0.0	0.0	0.0	0.0	0.0	0.0	1.0	245.0	122.5	2.0	20.0	70.0	120.0
14	6	WPAS	Winter Pasture	1600.0	30.0	0.9	4.0	0.15	0.5	0.01	0.95	0.8	1.5	2.0	15.0	0.0	0.02	0.0	0.06	0.02	0.01	0.01	0.0	0.0	0.9	0.01	4.0	0.75	8.0	660.0	39.0	0.05	3.0	0.0	0.0	0.0	0.0	0.0	0.0	0.0	0.0	0.0	1.0	210.0	105.0	2.0	20.0	70.0	120.0
15	6	RNGE	Range-Grasses	1600.0	34.0	0.9	2.5	0.05	0.25	0.1	0.7	0.35	1.0	2.0	25.0	12.0	0.02	0.0	0.02	0.01	0.01	0.0	0.0	0.0	0.9	0.01	4.0	0.75	10.0	660.0	39.0	0.05	3.0	0.0	0.0	0.0	0.0	0.0	0.0	0.0	0.0	0.0	2.0	238.0	119.0	2.0	20.0	70.0	120.0
16	7	RNGB	Range-Brush	1600.0	30.0	0.1	5.0	0.15	0.5	0.01	0.95	0.99	1.0	2.0	25.0	8.0	0.02	0.0	0.02	0.01	0.01	0.0	0.0	0.0	0.9	0.01	4.0	0.75	10.0	660.0	39.0	0.05	3.0	0.0	0.0	0.0	0.0	0.0	0.0	0.0	0.0	0.0	2.0	210.0	105.0	2.0	20.0	70.0	120.0
17	5	TRIT	Triticale	1600.0	30.0	0.45	3.3	0.15	0.8	0.01	0.95	0.81	0.9	1.5	18.0	0.0	0.03	0.0	0.07	0.03	0.01	0.01	0.0	0.0	0.2	0.01	4.0	0.75	6.0	660.0	39.0	0.05	7.0	0.0	0.0	0.0	0.0	0.0	0.0	0.0	0.0	0.0	1.0	315.0	157.5	2.0	20.0	70.0	120.0
18	6	WATR	Water	1600.0	0.0	0.0	1.0	0.0	0.0	1.0	1.0	1.0	0.0	0.0	0.0	0.0	0.0	0.0	0.0	0.0	0.0	0.0	0.0	0.0	0.0	0.0	0.0	0.0	0.0	0.0	0.0	0.0	11.0	0.0	0.0	0.0	0.0	0.0	0.0	0.0	0.0	0.0	1.0	0.0	0.0	2.0	20.0	70.0	120.0
19	4	CORN	Corn	1600.0	39.0	0.95	5.0	0.15	0.5	0.05	0.95	0.7	2.5	2.0	25.0	8.0	0.01	0.0	0.05	0.02	0.011	0.0	0.0	0.0	0.3	0.01	4.0	0.75	7.2	660.0	45.0	0.05	7.0	0.0	0.0	0.0	0.0	0.0	0.0	0.0	0.0	0.0	1.0	300.0	150.0	2.0	20.0	70.0	120.0
20	4	CSIL	Corn Silage	800.0	40.0	0.9	5.0	0.15	0.5	0.05	0.95	0.7	2.0	1.5	25.0	8.0	0.015	0.0	0.05	0.02	0.013	0.0	0.0	0.0	0.9	0.01	4.0	0.75	7.2	660.0	45.0	0.05	7.0	0.0	0.0	0.0	0.0	0.0	0.0	0.0	0.0	0.0	1.0	270.0	111.0	25.0	150.0	170.0	220.0
21	4	SCRN	Sweet Corn	1600.0	39.0	0.5	2.5	0.15	0.5	0.05	0.95	0.5	2.5	2.0	24.0	12.0	0.02	0.0	0.05	0.02	0.01	0.0	0.0	0.0	0.3	0.01	4.0	0.75	7.2	660.0	45.0	0.05	7.0	0.0	0.0	0.0	0.0	0.0	0.0	0.0	0.0	0.0	1.0	273.0	136.5	2.0	20.0	70.0	120.0
22	6	EGAM	Eastern Gamagrass	1600.0	21.0	0.9	2.5	0.05	0.25	0.18	0.9	0.4	1.7	2.0	25.0	12.0	0.02	0.0	0.02	0.01	0.01	0.0	0.0	0.0	0.9	0.01	4.0	0.75	10.0	660.0	58.0	0.05	7.0	0.0	0.0	0.0	0.0	0.0	0.0	0.0	0.0	0.0	2.0	147.0	73.5	2.0	20.0	70.0	120.0
23	4	GRSG	Grain Sorghum	1600.0	33.5	0.45	3.0	0.15	0.5	0.05	0.95	0.64	1.0	2.0	30.0	11.0	0.02	0.0	0.04	0.02	0.01	0.01	0.0	0.0	0.25	0.01	4.0	0.75	8.5	660.0	36.0	0.05	7.0	0.0	0.0	0.0	0.0	0.0	0.0	0.0	0.0	0.0	1.0	234.5	117.25	2.0	20.0	70.0	120.0
24	4	SGHY	Sorghum Hay	1600.0	33.5	0.9	4.0	0.15	0.5	0.05	0.95	0.64	1.5	2.0	30.0	11.0	0.02	0.0	0.04	0.02	0.01	0.01	0.0	0.0	0.9	0.01	4.0	0.75	8.5	660.0	36.0	0.05	7.0	0.0	0.0	0.0	0.0	0.0	0.0	0.0	0.0	0.0	1.0	234.5	117.25	2.0	20.0	70.0	120.0
25	6	JHGR	Johnsongrass	1600.0	35.0	0.9	2.5	0.15	0.57	0.05	0.95	0.5	1.0	2.0	30.0	11.0	0.02	0.0	0.04	0.02	0.01	0.01	0.0	0.0	0.9	0.01	4.0	0.75	8.5	660.0	36.0	0.05	3.0	0.0	0.0	0.0	0.0	0.0	0.0	0.0	0.0	0.0	2.0	245.0	122.5	2.0	20.0	70.0	120.0
26	6	SUGC	Sugarcane	1600.0	25.0	0.5	6.0	0.15	0.5	0.01	0.95	0.75	3.0	2.0	25.0	11.0	0.0	0.0	0.01	0.0	0.0	0.01	0.0	0.0	0.01	0.01	4.0	0.75	10.0	660.0	33.0	0.05	7.0	0.0	0.0	0.0	0.0	0.0	0.0	0.0	0.0	0.0	2.0	0.0	0.0	2.0	20.0	70.0	120.0
27	5	SWHT	Spring Wheat	1600.0	35.0	0.6	4.0	0.15	0.5	0.05	0.95	0.6	0.9	2.0	18.0	0.0	0.02	0.0	0.06	0.02	0.01	0.01	0.0	0.0	0.2	0.01	4.0	0.75	8.0	660.0	46.0	0.05	7.0	0.0	0.0	0.0	0.0	0.0	0.0	0.0	0.0	0.0	1.0	240.0	30.0	34.0	185.0	195.0	202.0
28	5	WWHT	Winter Wheat	2200.0	30.0	0.5	3.3	0.15	0.8	0.01	0.95	0.81	0.9	1.5	18.0	0.0	0.026	0.0	0.07	0.03	0.012	0.01	0.0	0.0	0.2	0.01	4.0	0.75	6.0	660.0	39.0	0.05	7.0	0.0	0.0	0.0	0.0	0.0	0.0	0.0	0.0	0.0	1.0	240.0	106.5	3.0	50.0	120.0	170.0
29	5	DWHT	Durum Wheat	1600.0	30.0	0.4	4.0	0.15	0.5	0.01	0.95	0.8	1.0	2.0	15.0	0.0	0.03	0.01	0.06	0.02	0.015	0.01	0.0	0.0	0.2	0.01	4.0	0.75	7.0	660.0	45.0	0.05	7.0	0.0	0.0	0.0	0.0	0.0	0.0	0.0	0.0	0.0	1.0	315.0	157.5	2.0	20.0	70.0	120.0
30	5	RYE	Rye	1600.0	35.0	0.4	4.0	0.15	0.5	0.01	0.95	0.8	1.0	1.8	12.5	0.0	0.03	0.0	0.06	0.02	0.01	0.01	0.0	0.0	0.2	0.01	4.0	0.75	7.0	660.0	45.0	0.05	7.0	0.0	0.0	0.0	0.0	0.0	0.0	0.0	0.0	0.0	1.0	367.5	183.75	2.0	20.0	70.0	120.0
31	5	BARL	Spring Barley	1400.0	30.0	0.6	2.1	0.15	0.5	0.01	0.95	0.8	0.9	1.0	25.0	0.0	0.02	0.0	0.06	0.02	0.01	0.01	0.0	0.0	0.2	0.01	4.0	0.75	7.0	660.0	45.0	0.05	7.0	0.0	0.0	0.0	0.0	0.0	0.0	0.0	0.0	0.0	1.0	120.0	30.0	2.0	45.0	80.0	95.0
32	5	OATS	Oats	1600.0	30.0	0.5	3.5	0.15	0.5	0.01	0.95	0.8	0.9	1.0	15.0	0.0	0.03	0.01	0.06	0.02	0.01	0.01	0.0	0.0	0.18	0.01	4.0	0.75	10.0	660.0	45.0	0.05	7.0	0.0	0.0	0.0	0.0	0.0	0.0	0.0	0.0	0.0	1.0	315.0	157.5	2.0	20.0	70.0	120.0
33	5	WIRY	Winter Rye	1600.0	35.0	0.45	6.0	0.15	0.8	0.01	0.95	0.81	1.0	1.2	12.5	0.0	0.01	0.0	0.05	0.02	0.01	0.01	0.0	0.0	0.25	0.01	4.0	0.75	5.0	660.0	31.0	0.05	7.0	0.0	0.0	0.0	0.0	0.0	0.0	0.0	0.0	0.0	1.0	122.5	61.25	2.0	20.0	70.0	120.0
34	4	PMIL	Pearl Millet(Hirse)	1600.0	35.0	0.25	2.5	0.15	0.5	0.01	0.95	0.85	3.0	2.0	30.0	10.0	0.02	0.0	0.04	0.03	0.01	0.01	0.0	0.0	0.1	0.01	4.0	0.75	8.0	660.0	40.0	0.05	3.0	0.0	0.0	0.0	0.0	0.0	0.0	0.0	0.0	0.0	1.0	245.0	122.5	2.0	20.0	70.0	120.0
35	6	TIMO	Timothy	1600.0	35.0	0.9	4.0	0.15	0.5	0.01	0.95	0.85	0.8	2.0	25.0	8.0	0.02	0.0	0.03	0.01	0.01	0.0	0.0	0.0	0.9	0.01	4.0	0.75	8.0	660.0	45.0	0.05	3.0	0.0	0.0	0.0	0.0	0.0	0.0	0.0	0.0	0.0	2.0	245.0	122.5	2.0	20.0	70.0	120.0
36	6	BROS	Smooth Bromegrass	1600.0	35.0	0.9	5.0	0.15	0.5	0.01	0.95	0.85	1.2	2.0	25.0	8.0	0.02	0.0	0.04	0.02	0.02	0.0	0.0	0.0	0.9	0.0	4.0	0.75	8.0	660.0	45.0	0.05	3.0	0.0	0.0	0.0	0.0	0.0	0.0	0.0	0.0	0.0	2.0	245.0	122.5	2.0	20.0	70.0	120.0
37	6	BROM	Meadow Bromegrass	1600.0	35.0	0.9	3.0	0.45	0.8	0.02	0.95	0.85	0.8	1.3	25.0	6.0	0.02	0.0	0.04	0.02	0.02	0.0	0.0	0.0	0.9	0.01	4.0	0.75	8.0	660.0	45.0	0.05	3.0	0.0	0.0	0.0	0.0	0.0	0.0	0.0	0.0	0.0	2.0	245.0	122.5	2.0	20.0	70.0	120.0
38	6	FESC	Tall Fescue	1600.0	30.0	0.9	4.0	0.15	0.5	0.01	0.95	0.8	1.5	2.0	15.0	0.0	0.02	0.0	0.06	0.02	0.01	0.01	0.0	0.0	0.9	0.01	4.0	0.75	8.0	660.0	39.0	0.05	3.0	0.0	0.0	0.0	0.0	0.0	0.0	0.0	0.0	0.0	2.0	210.0	105.0	2.0	20.0	70.0	120.0
39	6	BLUG	Kentucky Bluegrass	1600.0	18.0	0.9	2.0	0.05	0.3	0.05	0.7	0.35	0.2	1.4	25.0	12.0	0.02	0.0	0.02	0.01	0.01	0.0	0.0	0.0	0.9	0.01	4.0	0.75	10.0	660.0	31.0	0.05	3.0	0.0	0.0	0.0	0.0	0.0	0.0	0.0	0.0	0.0	2.0	126.0	63.0	2.0	20.0	70.0	120.0
40	6	BERM	Bermudagrass	1600.0	35.0	0.9	4.0	0.05	0.49	0.05	0.95	0.99	0.5	2.0	25.0	12.0	0.02	0.0	0.06	0.02	0.01	0.01	0.0	0.0	0.9	0.01	4.0	0.75	10.0	660.0	36.0	0.05	3.0	0.0	0.0	0.0	0.0	0.0	0.0	0.0	0.0	0.0	2.0	245.0	122.5	2.0	20.0	70.0	120.0
41	6	CWGR	Crested Wheatgrass	1600.0	35.0	0.9	4.0	0.35	0.62	0.02	0.95	0.85	0.9	1.3	25.0	6.0	0.05	0.0	0.03	0.02	0.01	0.0	0.0	0.0	0.9	0.01	4.0	0.75	8.0	660.0	38.0	0.05	3.0	0.0	0.0	0.0	0.0	0.0	0.0	0.0	0.0	0.0	2.0	612.5	306.25	2.0	20.0	70.0	120.0
42	6	WWGR	Western Wheatgrass	1600.0	35.0	0.9	4.0	0.5	0.89	0.02	0.95	0.85	0.6	1.3	25.0	6.0	0.05	0.0	0.03	0.02	0.01	0.0	0.0	0.0	0.9	0.01	4.0	0.75	8.0	660.0	45.0	0.05	3.0	0.0	0.0	0.0	0.0	0.0	0.0	0.0	0.0	0.0	2.0	612.5	306.25	2.0	20.0	70.0	120.0
43	6	SWGR	Slender Wheatgrass	1600.0	35.0	0.9	4.0	0.15	0.5	0.01	0.95	0.85	0.7	2.0	25.0	8.0	0.05	0.0	0.03	0.02	0.01	0.0	0.0	0.0	0.9	0.01	4.0	0.75	8.0	660.0	45.0	0.05	3.0	0.0	0.0	0.0	0.0	0.0	0.0	0.0	0.0	0.0	2.0	612.5	306.25	2.0	20.0	70.0	120.0
44	5	RYEG	Italian (Annual) Ryegrass	1600.0	30.0	0.9	4.0	0.2	0.45	0.32	0.95	0.5	0.8	1.3	18.0	0.0	0.02	0.0	0.07	0.03	0.01	0.01	0.0	0.0	0.9	0.01	4.0	0.75	6.0	660.0	39.0	0.05	3.0	0.0	0.0	0.0	0.0	0.0	0.0	0.0	0.0	0.0	1.0	210.0	105.0	2.0	20.0	70.0	120.0
45	6	RYER	Russian Wildrye	1600.0	30.0	0.9	3.0	0.35	0.62	0.02	0.95	0.8	1.0	1.3	15.0	0.0	0.02	0.0	0.02	0.02	0.01	0.0	0.0	0.0	0.9	0.01	4.0	0.75	8.0	660.0	39.0	0.05	3.0	0.0	0.0	0.0	0.0	0.0	0.0	0.0	0.0	0.0	2.0	210.0	105.0	2.0	20.0	70.0	120.0
46	6	RYEA	Altai Wildrye	1600.0	30.0	0.9	3.0	0.35	0.62	0.02	0.95	0.8	1.1	1.3	15.0	0.0	0.02	0.0	0.02	0.02	0.01	0.0	0.0	0.0	0.9	0.01	4.0	0.75	8.0	660.0	46.0	0.05	3.0	0.0	0.0	0.0	0.0	0.0	0.0	0.0	0.0	0.0	2.0	210.0	105.0	2.0	20.0	70.0	120.0
47	6	SIDE	Sideoats Grama	1600.0	11.0	0.9	1.7	0.05	0.3	0.05	0.7	0.35	0.4	1.4	25.0	12.0	0.02	0.0	0.02	0.01	0.01	0.0	0.0	0.0	0.9	0.01	4.0	0.75	10.0	660.0	21.0	0.05	3.0	0.0	0.0	0.0	0.0	0.0	0.0	0.0	0.0	0.0	2.0	77.0	38.5	2.0	20.0	70.0	120.0
48	6	BBLS	Big Bluestem	1600.0	14.0	0.9	3.0	0.05	0.25	0.1	0.7	0.35	1.0	2.0	25.0	12.0	0.02	0.0	0.02	0.01	0.01	0.0	0.0	0.0	0.9	0.01	4.0	0.75	10.0	660.0	39.0	0.05	3.0	0.0	0.0	0.0	0.0	0.0	0.0	0.0	0.0	0.0	2.0	98.0	49.0	2.0	20.0	70.0	120.0
49	6	LBLS	Little Bluestem	1600.0	34.0	0.9	2.5	0.05	0.25	0.1	0.7	0.35	1.0	2.0	25.0	12.0	0.02	0.0	0.02	0.01	0.01	0.0	0.0	0.0	0.9	0.01	4.0	0.75	10.0	660.0	39.0	0.05	3.0	0.0	0.0	0.0	0.0	0.0	0.0	0.0	0.0	0.0	2.0	238.0	119.0	2.0	20.0	70.0	120.0
50	6	SWCH	Alamo Switchgrass	1600.0	47.0	0.9	6.0	0.1	0.2	0.2	0.95	0.7	2.5	2.2	25.0	12.0	0.02	0.0	0.04	0.02	0.0	0.0	0.0	0.0	0.9	0.01	4.0	0.75	8.5	660.0	54.0	0.05	3.0	0.0	0.0	0.0	0.0	0.0	0.0	0.0	0.0	0.0	2.0	329.0	164.5	2.0	20.0	70.0	120.0
51	6	INDN	Indiangrass	1600.0	34.0	0.9	3.0	0.05	0.25	0.1	0.7	0.35	1.0	2.0	25.0	12.0	0.02	0.0	0.02	0.01	0.01	0.0	0.0	0.0	0.9	0.01	4.0	0.75	10.0	660.0	39.0	0.05	3.0	0.0	0.0	0.0	0.0	0.0	0.0	0.0	0.0	0.0	2.0	238.0	119.0	2.0	20.0	70.0	120.0
52	6	ALFA	Alfalfa	1600.0	20.0	0.9	5.5	0.15	0.5	0.01	0.95	0.9	0.9	0.8	15.0	1.0	0.03	0.0	0.04	0.03	0.02	0.0	0.0	0.0	0.9	0.01	4.0	0.75	10.0	660.0	35.0	0.05	7.0	0.0	0.0	0.0	0.0	0.0	0.0	0.0	0.0	0.0	2.0	210.0	105.0	2.0	20.0	70.0	120.0
53	4	SUBE	Sugar Beet	1600.0	30.0	0.9	4.0	0.15	0.5	0.01	0.95	0.75	1.2	0.9	18.0	4.0	0.07	0.0	0.07	0.03	0.02	0.01	0.0	0.0	0.9	0.01	4.0	0.75	10.0	660.0	30.0	0.05	7.0	0.0	0.0	0.0	0.0	0.0	0.0	0.0	0.0	0.0	1.0	735.0	367.5	2.0	20.0	70.0	120.0
54	2	CLVR	Red Clover	1600.0	25.0	0.9	4.0	0.15	0.5	0.01	0.95	0.75	0.75	1.5	15.0	1.0	0.07	0.0	0.07	0.03	0.02	0.01	0.0	0.0	0.9	0.01	4.0	0.75	10.0	660.0	30.0	0.05	7.0	0.0	0.0	0.0	0.0	0.0	0.0	0.0	0.0	0.0	1.0	612.5	306.25	2.0	20.0	70.0	120.0
55	3	CLVA	Alsike Clover	1600.0	25.0	0.9	4.0	0.15	0.5	0.01	0.95	0.75	0.9	2.0	15.0	1.0	0.06	0.0	0.06	0.03	0.02	0.01	0.0	0.0	0.9	0.01	4.0	0.75	10.0	660.0	30.0	0.05	7.0	0.0	0.0	0.0	0.0	0.0	0.0	0.0	0.0	0.0	1.0	525.0	262.5	2.0	20.0	70.0	120.0
56	1	SOYB	Soybean	1600.0	25.0	0.31	3.0	0.15	0.5	0.05	0.95	0.6	0.8	1.7	25.0	10.0	0.07	0.01	0.05	0.03	0.03	0.01	0.0	0.0	0.01	0.01	4.0	0.75	8.0	660.0	34.0	0.05	7.0	0.0	0.0	0.0	0.0	0.0	0.0	0.0	0.0	0.0	1.0	612.5	306.25	2.0	20.0	70.0	120.0
57	1	CWPS	Cowpeas	1600.0	35.0	0.42	4.0	0.15	0.5	0.01	0.95	0.8	1.2	2.0	28.0	14.0	0.04	0.0	0.06	0.02	0.01	0.0	0.0	0.0	0.05	0.01	4.0	0.75	8.0	660.0	39.0	0.05	7.0	0.0	0.0	0.0	0.0	0.0	0.0	0.0	0.0	0.0	1.0	490.0	245.0	2.0	20.0	70.0	120.0
58	1	MUNG	Mung Beans	1600.0	25.0	0.31	4.0	0.15	0.5	0.01	0.95	0.9	1.5	2.0	30.0	15.0	0.04	0.0	0.05	0.03	0.03	0.01	0.0	0.0	0.01	0.01	4.0	0.75	10.0	660.0	33.0	0.05	7.0	0.0	0.0	0.0	0.0	0.0	0.0	0.0	0.0	0.0	1.0	350.0	175.0	2.0	20.0	70.0	120.0
59	1	LIMA	Lima Beans	1600.0	25.0	0.3	2.5	0.1	0.8	0.05	0.95	0.9	0.6	2.0	26.0	18.0	0.04	0.0	0.0	0.0	0.0	0.0	0.0	0.0	0.22	0.01	4.0	0.75	5.0	660.0	34.0	0.05	7.0	0.0	0.0	0.0	0.0	0.0	0.0	0.0	0.0	0.0	1.0	350.0	175.0	2.0	20.0	70.0	120.0
60	1	LENT	Lentils	1600.0	20.0	0.61	4.0	0.15	0.5	0.02	0.95	0.9	0.55	1.2	20.0	3.0	0.05	0.01	0.04	0.02	0.01	0.01	0.0	0.0	0.01	0.01	4.0	0.75	10.0	660.0	33.0	0.05	7.0	0.0	0.0	0.0	0.0	0.0	0.0	0.0	0.0	0.0	1.0	350.0	175.0	2.0	20.0	70.0	120.0
61	6	KLGS	Kleegrass	1600.0	35.0	0.9	3.7	0.1	0.5	0.5	0.99	0.99	1.0	0.85	21.0	2.5	0.02	0.0	0.06	0.02	0.01	0.01	0.0	0.0	0.9	0.01	4.0	0.75	10.0	660.0	36.0	0.05	7.0	0.0	0.0	0.0	0.0	0.0	0.0	0.0	0.0	0.0	1.0	245.0	122.5	2.0	20.0	70.0	120.0
62	2	FPEA	Field Peas	1600.0	25.0	0.45	4.0	0.15	0.5	0.01	0.95	0.75	1.2	1.2	15.0	1.0	0.04	0.0	0.05	0.03	0.03	0.0	0.0	0.0	0.1	0.01	4.0	0.75	10.0	660.0	30.0	0.05	7.0	0.0	0.0	0.0	0.0	0.0	0.0	0.0	0.0	0.0	1.0	350.0	175.0	2.0	20.0	70.0	120.0
63	2	PEAS	Garden or Canning Peas	1600.0	25.0	0.3	2.5	0.1	0.8	0.05	0.95	0.6	0.6	1.2	14.0	5.0	0.04	0.01	0.0	0.0	0.0	0.0	0.0	0.0	0.22	0.01	4.0	0.75	5.0	660.0	34.0	0.05	7.0	0.0	0.0	0.0	0.0	0.0	0.0	0.0	0.0	0.0	1.0	350.0	175.0	2.0	20.0	70.0	120.0
64	6	SESB	Sesbania	1600.0	50.0	0.31	5.0	0.15	0.5	0.01	0.95	0.9	2.0	2.0	25.0	10.0	0.07	0.01	0.05	0.02	0.02	0.01	0.0	0.0	0.01	0.01	4.0	0.75	10.0	660.0	60.0	0.05	7.0	0.0	0.0	0.0	0.0	0.0	0.0	0.0	0.0	0.0	2.0	1225.0	612.5	2.0	20.0	70.0	120.0
65	5	FLAX	Flax	1600.0	25.0	0.54	2.5	0.15	0.5	0.02	0.95	0.9	1.2	1.5	22.5	5.0	0.04	0.0	0.05	0.03	0.03	0.0	0.0	0.0	0.4	0.01	4.0	0.75	10.0	660.0	33.0	0.05	7.0	0.0	0.0	0.0	0.0	0.0	0.0	0.0	0.0	0.0	1.0	350.0	175.0	2.0	20.0	70.0	120.0
66	4	COTS	Upland Cotton-harv w/ stripper	1600.0	15.0	0.5	4.0	0.15	0.5	0.01	0.95	0.95	1.0	2.5	30.0	15.0	0.01	0.0	0.06	0.02	0.02	0.01	0.0	0.0	0.4	0.01	4.0	0.75	3.0	660.0	19.0	0.05	7.0	0.0	0.0	0.0	0.0	0.0	0.0	0.0	0.0	0.0	1.0	52.5	26.25	2.0	20.0	70.0	120.0
67	4	COTP	Upland Cotton-harv w/ picker	1600.0	15.0	0.4	4.0	0.15	0.5	0.01	0.95	0.95	1.0	2.5	30.0	15.0	0.02	0.0	0.06	0.02	0.02	0.01	0.0	0.0	0.3	0.01	4.0	0.75	3.0	660.0	19.0	0.05	7.0	0.0	0.0	0.0	0.0	0.0	0.0	0.0	0.0	0.0	1.0	105.0	52.5	2.0	20.0	70.0	120.0
68	4	TOBC	Tobacco	1600.0	39.0	0.55	4.5	0.15	0.5	0.05	0.95	0.7	1.8	2.0	25.0	10.0	0.01	0.0	0.05	0.02	0.01	0.0	0.0	0.0	0.55	0.01	4.0	0.75	8.0	660.0	44.0	0.05	7.0	0.0	0.0	0.0	0.0	0.0	0.0	0.0	0.0	0.0	1.0	136.5	68.25	2.0	20.0	70.0	120.0
69	4	SGBT	Sugarbeet	1600.0	30.0	2.0	5.0	0.05	0.5	0.05	0.95	0.6	1.2	2.0	18.0	4.0	0.01	0.0	0.06	0.02	0.01	0.01	0.0	0.0	1.1	0.01	4.0	0.75	10.0	660.0	35.0	0.05	7.0	0.0	0.0	0.0	0.0	0.0	0.0	0.0	0.0	0.0	1.0	105.0	52.5	2.0	20.0	70.0	120.0
70	5	POTA	Potato	1600.0	25.0	0.95	5.2	0.15	0.5	0.01	0.95	0.6	0.7	1.0	22.0	10.0	0.01	0.0	0.06	0.02	0.01	0.01	0.0	0.0	0.95	0.01	4.0	0.75	14.8	660.0	30.0	0.05	7.0	0.0	0.0	0.0	0.0	0.0	0.0	0.0	0.0	0.0	1.0	87.5	43.75	2.0	20.0	70.0	120.0
71	4	SPOT	Sweetpotato	1600.0	15.0	0.6	4.0	0.15	0.5	0.01	0.95	0.6	0.8	2.0	24.0	14.0	0.01	0.0	0.05	0.02	0.01	0.0	0.0	0.0	0.4	0.01	4.0	0.75	3.0	660.0	19.0	0.05	7.0	0.0	0.0	0.0	0.0	0.0	0.0	0.0	0.0	0.0	1.0	52.5	26.25	2.0	20.0	70.0	120.0
72	5	CRRT	Carrot	1600.0	30.0	1.12	3.5	0.15	0.5	0.01	0.95	0.6	0.3	1.2	24.0	7.0	0.01	0.0	0.06	0.01	0.0	0.01	0.0	0.0	0.9	0.01	4.0	0.75	10.0	660.0	35.0	0.05	7.0	0.0	0.0	0.0	0.0	0.0	0.0	0.0	0.0	0.0	1.0	105.0	52.5	2.0	20.0	70.0	120.0
73	5	ONIO	Onion	1600.0	30.0	1.25	1.5	0.15	0.5	0.01	0.95	0.6	0.5	0.6	19.0	7.0	0.02	0.0	0.04	0.03	0.0	0.0	0.0	0.0	0.95	0.01	4.0	0.75	10.0	660.0	35.0	0.05	7.0	0.0	0.0	0.0	0.0	0.0	0.0	0.0	0.0	0.0	1.0	210.0	105.0	2.0	20.0	70.0	120.0
74	4	SUNF	Sunflower	1600.0	46.0	0.3	3.0	0.15	0.5	0.01	0.95	0.62	2.5	2.0	25.0	6.0	0.05	0.01	0.05	0.02	0.01	0.01	0.0	0.0	0.18	0.01	4.0	0.75	32.3	660.0	59.0	0.05	7.0	0.0	0.0	0.0	0.0	0.0	0.0	0.0	0.0	0.0	1.0	805.0	402.5	2.0	20.0	70.0	120.0
75	4	CANP	Spring Canola-Polish	1600.0	34.0	0.23	3.5	0.15	0.45	0.02	0.95	0.5	0.9	0.9	21.0	5.0	0.04	0.01	0.04	0.02	0.01	0.01	0.0	0.0	0.01	0.01	4.0	0.75	10.0	660.0	39.0	0.05	7.0	0.0	0.0	0.0	0.0	0.0	0.0	0.0	0.0	0.0	1.0	476.0	238.0	2.0	20.0	70.0	120.0
76	4	CANA	Spring Canola-Argentine	1600.0	34.0	0.3	4.5	0.15	0.45	0.02	0.95	0.5	1.3	1.4	21.0	5.0	0.04	0.01	0.04	0.02	0.01	0.01	0.0	0.0	0.01	0.01	4.0	0.75	10.0	660.0	40.0	0.05	7.0	0.0	0.0	0.0	0.0	0.0	0.0	0.0	0.0	0.0	1.0	476.0	238.0	2.0	20.0	70.0	120.0
77	6	ASPR	Asparagus	1600.0	90.0	0.8	4.2	0.25	0.4	0.23	0.86	1.0	0.5	2.0	24.0	10.0	0.06	0.01	0.06	0.05	0.04	0.01	0.0	0.0	0.95	0.01	4.0	0.75	5.0	660.0	95.0	0.05	7.0	0.0	0.0	0.0	0.0	0.0	0.0	0.0	0.0	0.0	2.0	1890.0	945.0	2.0	20.0	70.0	120.0
78	5	BROC	Broccoli	1600.0	26.0	0.8	4.2	0.25	0.4	0.23	0.86	1.0	0.5	0.6	18.0	4.0	0.05	0.01	0.06	0.01	0.01	0.01	0.0	0.0	0.95	0.01	4.0	0.75	5.0	660.0	30.0	0.05	7.0	0.0	0.0	0.0	0.0	0.0	0.0	0.0	0.0	0.0	1.0	455.0	227.5	2.0	20.0	70.0	120.0
79	6	CABG	Cabbage	1600.0	19.0	0.8	3.0	0.25	0.4	0.23	0.86	1.0	0.5	0.6	18.0	1.0	0.03	0.0	0.06	0.01	0.0	0.01	0.0	0.0	0.95	0.01	4.0	0.75	5.0	660.0	25.0	0.05	7.0	0.0	0.0	0.0	0.0	0.0	0.0	0.0	0.0	0.0	1.0	199.5	99.75	2.0	20.0	70.0	120.0
80	5	CAUF	Cauliflower	1600.0	21.0	0.8	2.5	0.25	0.4	0.23	0.86	1.0	0.5	0.6	18.0	5.0	0.04	0.01	0.06	0.01	0.0	0.01	0.0	0.0	0.95	0.01	4.0	0.75	5.0	660.0	25.0	0.05	7.0	0.0	0.0	0.0	0.0	0.0	0.0	0.0	0.0	0.0	1.0	294.0	147.0	2.0	20.0	70.0	120.0
81	6	CELR	Celery	1600.0	27.0	0.8	2.5	0.25	0.4	0.23	0.86	1.0	0.5	0.6	22.0	4.0	0.02	0.0	0.06	0.02	0.01	0.01	0.01	0.0	0.95	0.01	4.0	0.75	5.0	660.0	30.0	0.05	7.0	0.0	0.0	0.0	0.0	0.0	0.0	0.0	0.0	0.0	1.0	189.0	94.5	2.0	20.0	70.0	120.0
82	5	LETT	Head Lettuce	1600.0	23.0	0.8	4.2	0.25	0.4	0.23	0.86	1.0	0.2	0.6	18.0	7.0	0.04	0.0	0.04	0.03	0.02	0.01	0.0	0.0	0.01	0.0	4.0	0.75	8.0	660.0	25.0	0.05	7.0	0.0	0.0	0.0	0.0	0.0	0.0	0.0	0.0	0.0	1.0	322.0	161.0	2.0	20.0	70.0	120.0
83	5	SPIN	Spinach	1600.0	30.0	0.95	4.2	0.1	0.9	0.05	0.95	0.95	0.5	0.6	24.0	4.0	0.05	0.01	0.06	0.04	0.03	0.01	0.0	0.0	0.95	0.01	4.0	0.75	5.0	660.0	35.0	0.05	7.0	0.0	0.0	0.0	0.0	0.0	0.0	0.0	0.0	0.0	1.0	525.0	262.5	2.0	20.0	70.0	120.0
84	1	GRBN	Green Beans	1600.0	25.0	0.1	1.5	0.1	0.8	0.05	0.95	0.9	0.6	1.2	19.0	10.0	0.03	0.0	0.0	0.0	0.0	0.0	0.0	0.0	0.1	0.01	4.0	0.75	5.0	660.0	34.0	0.05	7.0	0.0	0.0	0.0	0.0	0.0	0.0	0.0	0.0	0.0	1.0	262.5	131.25	2.0	20.0	70.0	120.0
85	4	CUCM	Cucumber	1600.0	30.0	0.27	1.5	0.15	0.5	0.05	0.95	0.6	0.5	1.2	32.0	16.0	0.02	0.0	0.07	0.01	0.0	0.01	0.0	0.0	0.25	0.0	4.0	0.75	8.0	660.0	39.0	0.05	7.0	0.0	0.0	0.0	0.0	0.0	0.0	0.0	0.0	0.0	1.0	210.0	105.0	2.0	20.0	70.0	120.0
86	4	EGGP	Eggplant	1600.0	30.0	0.59	3.0	0.15	0.5	0.05	0.95	0.6	0.5	1.2	26.0	15.0	0.02	0.0	0.07	0.03	0.01	0.01	0.0	0.0	0.25	0.01	4.0	0.75	8.0	660.0	39.0	0.05	7.0	0.0	0.0	0.0	0.0	0.0	0.0	0.0	0.0	0.0	1.0	210.0	105.0	2.0	20.0	70.0	120.0
87	4	CANT	Cantaloupe	1600.0	30.0	0.5	3.0	0.15	0.5	0.05	0.95	0.6	0.5	1.2	35.0	15.0	0.01	0.0	0.07	0.03	0.01	0.01	0.0	0.0	0.25	0.01	4.0	0.75	3.0	660.0	39.0	0.05	7.0	0.0	0.0	0.0	0.0	0.0	0.0	0.0	0.0	0.0	1.0	105.0	52.5	2.0	20.0	70.0	120.0
88	5	WIRA	Winter Rape	1550.0	20.0	0.45	5.0	0.15	0.5	0.01	0.95	0.75	1.1	1.4	21.0	2.0	0.033	0.01	0.07	0.06	0.025	0.02	0.0	0.0	0.25	0.0	4.0	0.75	3.0	660.0	39.0	0.05	7.0	0.0	0.0	0.0	0.0	0.0	0.0	0.0	0.0	0.0	1.0	270.0	145.2	5.0	80.0	140.0	200.0
89	6	AKGS	Ackergras	1600.0	35.0	0.9	7.2	0.1	0.5	0.5	0.99	0.99	0.9	0.8	21.0	2.5	0.02	0.0	0.06	0.02	0.01	0.01	0.0	0.0	0.9	0.01	4.0	0.75	10.0	660.0	36.0	0.05	7.0	0.0	0.0	0.0	0.0	0.0	0.0	0.0	0.0	0.0	1.0	245.0	122.5	2.0	20.0	70.0	120.0
90	4	PEPR	Bell Pepper	1600.0	30.0	0.6	5.0	0.15	0.5	0.05	0.95	0.6	0.5	1.2	27.0	18.0	0.02	0.0	0.06	0.04	0.03	0.01	0.0	0.0	0.25	0.01	4.0	0.75	8.0	660.0	39.0	0.05	7.0	0.0	0.0	0.0	0.0	0.0	0.0	0.0	0.0	0.0	1.0	210.0	105.0	2.0	20.0	70.0	120.0
91	6	STRW	Strawberry	1600.0	30.0	0.45	3.0	0.15	0.5	0.05	0.95	0.6	0.5	0.6	32.0	10.0	0.01	0.0	0.07	0.03	0.01	0.01	0.0	0.0	0.25	0.01	4.0	0.75	8.0	660.0	39.0	0.05	7.0	0.0	0.0	0.0	0.0	0.0	0.0	0.0	0.0	0.0	1.0	105.0	52.5	2.0	20.0	70.0	120.0
92	4	TOMA	Tomato	1600.0	30.0	0.33	3.0	0.15	0.5	0.05	0.95	0.95	0.5	2.0	22.0	10.0	0.02	0.0	0.07	0.03	0.03	0.01	0.0	0.0	0.15	0.01	4.0	0.75	8.0	660.0	39.0	0.05	7.0	0.0	0.0	0.0	0.0	0.0	0.0	0.0	0.0	0.0	1.0	210.0	105.0	2.0	20.0	70.0	120.0
93	7	APPL	Apple	1600.0	15.0	0.1	4.0	0.1	0.5	0.15	0.75	0.99	3.5	2.0	20.0	7.0	0.0	0.0	0.01	0.0	0.0	0.0	0.0	0.0	0.05	0.01	4.0	0.75	3.0	660.0	20.0	0.05	7.0	0.0	0.0	0.0	0.0	0.0	0.0	0.0	0.0	0.0	1.0	0.0	0.0	2.0	20.0	70.0	120.0
94	7	PINE	Pine	1600.0	15.0	0.76	5.0	0.15	0.25	0.7	0.99	0.99	10.0	3.5	30.0	0.0	0.0	0.0	0.01	0.0	0.0	0.0	0.0	0.0	0.6	0.0	4.0	0.75	8.0	660.0	16.0	0.05	7.0	0.0	0.0	0.0	0.0	0.0	0.0	0.0	0.0	0.0	1.0	0.0	0.0	2.0	20.0	70.0	120.0
95	7	OAK	Oak	1600.0	15.0	0.76	5.0	0.05	0.4	0.05	0.95	0.99	6.0	3.5	30.0	10.0	0.0	0.0	0.01	0.0	0.0	0.0	0.0	0.0	0.01	0.0	4.0	0.75	8.0	660.0	16.0	0.05	7.0	0.0	0.0	0.0	0.0	0.0	0.0	0.0	0.0	0.0	1.0	0.0	0.0	2.0	20.0	70.0	120.0
96	7	POPL	Poplar	1600.0	30.0	0.76	5.0	0.05	0.4	0.05	0.95	0.99	7.5	3.5	30.0	10.0	0.0	0.0	0.01	0.0	0.0	0.0	0.0	0.0	0.01	0.0	4.0	0.75	8.0	660.0	31.0	0.05	5.0	0.0	0.0	0.0	0.0	0.0	0.0	0.0	0.0	0.0	1.0	0.0	0.0	2.0	20.0	70.0	120.0
97	5	WBAR	Winter Barley	2100.0	30.0	0.7	2.1	0.15	0.8	0.01	0.95	0.81	0.9	1.0	15.0	0.0	0.02	0.0	0.04	0.02	0.011	0.0	0.0	0.0	0.01	0.01	4.0	0.75	8.0	660.0	18.0	0.05	7.0	0.0	0.0	0.0	0.0	0.0	0.0	0.0	0.0	0.0	1.0	170.0	106.5	2.0	20.0	70.0	120.0
98	1	URBA	Urban Areas	700.0	15.0	0.9	7.2	0.1	0.5	0.5	0.99	0.99	0.9	0.8	21.0	2.5	0.02	0.0	0.06	0.02	0.01	0.01	0.0	0.0	0.9	0.01	4.0	0.75	10.0	660.0	36.0	0.05	3.0	0.0	0.0	0.0	0.0	0.0	0.0	0.0	0.0	0.0	1.0	105.0	52.5	2.0	20.0	70.0	120.0
99	5	PHAC	Phacelia	1600.0	20.0	0.35	5.0	0.15	0.5	0.01	0.95	0.75	1.1	1.4	21.0	2.0	0.033	0.01	0.07	0.06	0.03	0.02	0.0	0.0	0.25	0.0	4.0	0.75	3.0	660.0	39.0	0.05	7.0	0.0	0.0	0.0	0.0	0.0	0.0	0.0	0.0	0.0	1.0	231.0	115.5	2.0	20.0	70.0	120.0
101	4	AGRL	Agricultural Land-Generic	1600.0	33.5	0.45	3.0	0.15	0.5	0.05	0.95	0.64	1.0	2.0	30.0	11.0	0.02	0.0	0.04	0.02	0.01	0.01	0.0	0.0	0.25	0.01	4.0	0.75	8.5	660.0	36.0	0.05	7.0	0.0	0.0	0.0	0.0	0.0	0.0	0.0	0.0	0.0	1.0	234.5	117.25	2.0	20.0	70.0	120.0
102	4	AGRR	Agricultural Land-Row Crops	1600.0	39.0	0.5	3.0	0.15	0.5	0.05	0.95	0.7	2.5	2.0	25.0	8.0	0.01	0.0	0.05	0.02	0.01	0.0	0.0	0.0	0.3	0.01	4.0	0.75	7.2	660.0	45.0	0.05	7.0	0.0	0.0	0.0	0.0	0.0	0.0	0.0	0.0	0.0	1.0	136.5	68.25	2.0	20.0	70.0	120.0
103	5	AGRC	Agricultural Land-Close-grown	1600.0	30.0	0.4	4.0	0.05	0.45	0.05	0.95	0.5	0.9	1.3	18.0	0.0	0.03	0.0	0.07	0.03	0.01	0.01	0.0	0.0	0.2	0.01	4.0	0.75	6.0	660.0	39.0	0.05	7.0	0.0	0.0	0.0	0.0	0.0	0.0	0.0	0.0	0.0	1.0	315.0	157.5	2.0	20.0	70.0	120.0
104	7	ORCD	Orchard	1600.0	15.0	0.1	4.0	0.1	0.5	0.15	0.75	0.99	3.5	2.0	20.0	7.0	0.0	0.0	0.01	0.0	0.0	0.0	0.0	0.0	0.05	0.01	4.0	0.75	3.0	660.0	20.0	0.05	6.0	0.0	0.0	0.0	0.0	0.0	0.0	0.0	0.0	0.0	1.0	0.0	0.0	2.0	20.0	70.0	120.0
105	6	HAY	Hay	1600.0	35.0	0.9	4.0	0.05	0.49	0.05	0.95	0.99	0.5	2.0	25.0	12.0	0.02	0.0	0.06	0.02	0.01	0.01	0.0	0.0	0.9	0.01	4.0	0.75	10.0	660.0	36.0	0.05	3.0	0.0	0.0	0.0	0.0	0.0	0.0	0.0	0.0	0.0	1.0	245.0	122.5	2.0	20.0	70.0	120.0
106	7	FRST	Forest-Mixed	1600.0	18.0	0.1	6.0	0.1	0.5	0.5	0.99	0.99	24.0	2.0	15.0	7.0	0.005	0.0	0.011	0.01	0.009	0.0	0.0	0.0	0.01	0.0	4.0	0.75	8.0	660.0	16.0	0.05	6.0	0.0	0.0	0.0	0.0	0.0	0.0	0.0	0.0	0.0	3.0	31.5	15.75	2.0	20.0	70.0	120.0
107	7	FRSD	Forest-Deciduous	1600.0	16.0	0.1	5.9	0.05	0.2	0.5	0.99	0.99	23.0	1.5	15.0	8.0	0.005	0.0	0.011	0.01	0.009	0.0	0.0	0.0	0.01	0.0	4.0	0.75	8.0	660.0	16.0	0.05	5.0	0.0	0.0	0.0	0.0	0.0	0.0	0.0	0.0	0.0	2.0	28.0	14.0	2.0	20.0	70.0	120.0
108	7	FRSE	Forest-Evergreen	1600.0	20.0	0.1	6.2	0.2	0.5	0.5	0.99	0.99	25.0	2.5	15.0	6.0	0.005	0.0	0.011	0.01	0.009	0.0	0.0	0.0	0.6	0.0	4.0	0.75	8.0	660.0	16.0	0.05	4.0	0.0	0.0	0.0	0.0	0.0	0.0	0.0	0.0	0.0	5.0	35.0	17.5	2.0	20.0	70.0	120.0
109	6	WETL	Wetlands-Mixed	1600.0	47.0	0.9	6.0	0.1	0.2	0.2	0.95	0.7	2.5	2.2	25.0	12.0	0.02	0.0	0.04	0.02	0.0	0.0	0.0	0.0	0.9	0.01	4.0	0.75	8.5	660.0	54.0	0.05	9.0	0.0	0.0	0.0	0.0	0.0	0.0	0.0	0.0	0.0	2.0	329.0	164.5	2.0	20.0	70.0	120.0
110	7	WETF	Wetlands-Forested	1600.0	15.0	0.76	5.0	0.05	0.4	0.05	0.95	0.99	6.0	3.5	30.0	10.0	0.0	0.0	0.01	0.0	0.0	0.0	0.0	0.0	0.01	0.0	4.0	0.75	8.0	660.0	16.0	0.05	9.0	0.0	0.0	0.0	0.0	0.0	0.0	0.0	0.0	0.0	2.0	0.0	0.0	2.0	20.0	70.0	120.0
111	6	WETN	Wetlands-Non-Forested	1600.0	47.0	0.9	6.0	0.1	0.2	0.2	0.95	0.7	2.5	2.2	25.0	12.0	0.02	0.0	0.04	0.02	0.0	0.0	0.0	0.0	0.9	0.01	4.0	0.75	8.5	660.0	54.0	0.05	9.0	0.0	0.0	0.0	0.0	0.0	0.0	0.0	0.0	0.0	2.0	329.0	164.5	2.0	20.0	70.0	120.0
112	5	PAST	Pasture	1200.0	30.0	0.01	4.0	0.1	0.5	0.5	0.99	0.99	0.9	0.8	21.0	2.5	0.013	0.0	0.015	0.014	0.013	0.01	0.0	0.0	0.9	0.01	4.0	0.75	10.0	660.0	36.0	0.05	3.0	0.0	0.0	0.0	0.0	0.0	0.0	0.0	0.0	0.0	1.0	300.0	150.0	2.0	20.0	70.0	120.0
113	6	SPAS	Summer Pasture	1600.0	35.0	0.9	4.0	0.05	0.49	0.05	0.95	0.99	0.5	2.0	25.0	12.0	0.02	0.0	0.06	0.02	0.01	0.01	0.0	0.0	0.9	0.01	4.0	0.75	10.0	660.0	36.0	0.05	3.0	0.0	0.0	0.0	0.0	0.0	0.0	0.0	0.0	0.0	1.0	245.0	122.5	2.0	20.0	70.0	120.0
114	6	WPAS	Winter Pasture	1600.0	30.0	0.9	4.0	0.15	0.5	0.01	0.95	0.8	1.5	2.0	15.0	0.0	0.02	0.0	0.06	0.02	0.01	0.01	0.0	0.0	0.9	0.01	4.0	0.75	8.0	660.0	39.0	0.05	3.0	0.0	0.0	0.0	0.0	0.0	0.0	0.0	0.0	0.0	1.0	210.0	105.0	2.0	20.0	70.0	120.0
115	6	RNGE	Range-Grasses	1600.0	34.0	0.9	2.5	0.05	0.25	0.1	0.7	0.35	1.0	2.0	25.0	12.0	0.02	0.0	0.02	0.01	0.01	0.0	0.0	0.0	0.9	0.01	4.0	0.75	10.0	660.0	39.0	0.05	3.0	0.0	0.0	0.0	0.0	0.0	0.0	0.0	0.0	0.0	2.0	238.0	119.0	2.0	20.0	70.0	120.0
116	7	RNGB	Range-Brush	1600.0	30.0	0.1	5.0	0.15	0.5	0.01	0.95	0.99	1.0	2.0	25.0	8.0	0.02	0.0	0.02	0.01	0.01	0.0	0.0	0.0	0.9	0.01	4.0	0.75	10.0	660.0	39.0	0.05	3.0	0.0	0.0	0.0	0.0	0.0	0.0	0.0	0.0	0.0	2.0	210.0	105.0	2.0	20.0	70.0	120.0
117	5	TRIT	Triticale	1600.0	30.0	0.45	3.3	0.15	0.8	0.01	0.95	0.81	0.9	1.5	18.0	0.0	0.03	0.0	0.07	0.03	0.01	0.01	0.0	0.0	0.2	0.01	4.0	0.75	6.0	660.0	39.0	0.05	7.0	0.0	0.0	0.0	0.0	0.0	0.0	0.0	0.0	0.0	1.0	315.0	157.5	2.0	20.0	70.0	120.0
118	6	WATR	Water	1600.0	0.0	0.0	1.0	0.0	0.0	1.0	1.0	1.0	0.0	0.0	0.0	0.0	0.0	0.0	0.0	0.0	0.0	0.0	0.0	0.0	0.0	0.0	0.0	0.0	0.0	0.0	0.0	0.0	11.0	0.0	0.0	0.0	0.0	0.0	0.0	0.0	0.0	0.0	1.0	0.0	0.0	2.0	20.0	70.0	120.0
119	4	CORN	Corn	1600.0	39.0	0.95	5.0	0.15	0.5	0.05	0.95	0.7	2.5	2.0	25.0	8.0	0.01	0.0	0.05	0.02	0.011	0.0	0.0	0.0	0.3	0.01	4.0	0.75	7.2	660.0	45.0	0.05	7.0	0.0	0.0	0.0	0.0	0.0	0.0	0.0	0.0	0.0	1.0	300.0	150.0	2.0	20.0	70.0	120.0
120	4	CSIL	Corn Silage	750.0	40.0	0.9	5.0	0.15	0.5	0.05	0.95	0.7	2.0	1.5	25.0	8.0	0.015	0.0	0.05	0.02	0.013	0.0	0.0	0.0	0.9	0.01	4.0	0.75	7.2	660.0	45.0	0.05	7.0	0.0	0.0	0.0	0.0	0.0	0.0	0.0	0.0	0.0	1.0	300.0	150.0	25.0	150.0	170.0	220.0
121	4	SCRN	Sweet Corn	1600.0	39.0	0.5	2.5	0.15	0.5	0.05	0.95	0.5	2.5	2.0	24.0	12.0	0.02	0.0	0.05	0.02	0.01	0.0	0.0	0.0	0.3	0.01	4.0	0.75	7.2	660.0	45.0	0.05	7.0	0.0	0.0	0.0	0.0	0.0	0.0	0.0	0.0	0.0	1.0	273.0	136.5	2.0	20.0	70.0	120.0
122	6	EGAM	Eastern Gamagrass	1600.0	21.0	0.9	2.5	0.05	0.25	0.18	0.9	0.4	1.7	2.0	25.0	12.0	0.02	0.0	0.02	0.01	0.01	0.0	0.0	0.0	0.9	0.01	4.0	0.75	10.0	660.0	58.0	0.05	7.0	0.0	0.0	0.0	0.0	0.0	0.0	0.0	0.0	0.0	2.0	147.0	73.5	2.0	20.0	70.0	120.0
123	4	GRSG	Grain Sorghum	1600.0	33.5	0.45	3.0	0.15	0.5	0.05	0.95	0.64	1.0	2.0	30.0	11.0	0.02	0.0	0.04	0.02	0.01	0.01	0.0	0.0	0.25	0.01	4.0	0.75	8.5	660.0	36.0	0.05	7.0	0.0	0.0	0.0	0.0	0.0	0.0	0.0	0.0	0.0	1.0	234.5	117.25	2.0	20.0	70.0	120.0
124	4	SGHY	Sorghum Hay	1600.0	33.5	0.9	4.0	0.15	0.5	0.05	0.95	0.64	1.5	2.0	30.0	11.0	0.02	0.0	0.04	0.02	0.01	0.01	0.0	0.0	0.9	0.01	4.0	0.75	8.5	660.0	36.0	0.05	7.0	0.0	0.0	0.0	0.0	0.0	0.0	0.0	0.0	0.0	1.0	234.5	117.25	2.0	20.0	70.0	120.0
125	6	JHGR	Johnsongrass	1600.0	35.0	0.9	2.5	0.15	0.57	0.05	0.95	0.5	1.0	2.0	30.0	11.0	0.02	0.0	0.04	0.02	0.01	0.01	0.0	0.0	0.9	0.01	4.0	0.75	8.5	660.0	36.0	0.05	3.0	0.0	0.0	0.0	0.0	0.0	0.0	0.0	0.0	0.0	2.0	245.0	122.5	2.0	20.0	70.0	120.0
126	6	SUGC	Sugarcane	1600.0	25.0	0.5	6.0	0.15	0.5	0.01	0.95	0.75	3.0	2.0	25.0	11.0	0.0	0.0	0.01	0.0	0.0	0.01	0.0	0.0	0.01	0.01	4.0	0.75	10.0	660.0	33.0	0.05	7.0	0.0	0.0	0.0	0.0	0.0	0.0	0.0	0.0	0.0	2.0	0.0	0.0	2.0	20.0	70.0	120.0
127	5	SWHT	Spring Wheat	1600.0	35.0	0.6	4.0	0.15	0.5	0.05	0.95	0.6	0.9	2.0	18.0	0.0	0.02	0.0	0.06	0.02	0.01	0.01	0.0	0.0	0.2	0.01	4.0	0.75	8.0	660.0	46.0	0.05	7.0	0.0	0.0	0.0	0.0	0.0	0.0	0.0	0.0	0.0	1.0	245.0	122.5	34.0	185.0	195.0	202.0
128	5	WWHT	Winter Wheat	2100.0	30.0	0.5	3.3	0.15	0.8	0.01	0.95	0.81	0.9	1.5	18.0	0.0	0.026	0.0	0.07	0.03	0.012	0.01	0.0	0.0	0.2	0.01	4.0	0.75	6.0	660.0	39.0	0.05	7.0	0.0	0.0	0.0	0.0	0.0	0.0	0.0	0.0	0.0	1.0	273.0	136.5	3.0	50.0	120.0	170.0
129	5	DWHT	Durum Wheat	1600.0	30.0	0.4	4.0	0.15	0.5	0.01	0.95	0.8	1.0	2.0	15.0	0.0	0.03	0.01	0.06	0.02	0.015	0.01	0.0	0.0	0.2	0.01	4.0	0.75	7.0	660.0	45.0	0.05	7.0	0.0	0.0	0.0	0.0	0.0	0.0	0.0	0.0	0.0	1.0	315.0	157.5	2.0	20.0	70.0	120.0
130	5	RYE	Rye	1600.0	35.0	0.4	4.0	0.15	0.5	0.01	0.95	0.8	1.0	1.8	12.5	0.0	0.03	0.0	0.06	0.02	0.01	0.01	0.0	0.0	0.2	0.01	4.0	0.75	7.0	660.0	45.0	0.05	7.0	0.0	0.0	0.0	0.0	0.0	0.0	0.0	0.0	0.0	1.0	367.5	183.75	2.0	20.0	70.0	120.0
131	5	BARL	Spring Barley	1300.0	30.0	0.6	2.1	0.15	0.5	0.01	0.95	0.8	0.9	1.0	25.0	0.0	0.02	0.0	0.06	0.02	0.01	0.01	0.0	0.0	0.2	0.01	4.0	0.75	7.0	660.0	45.0	0.05	7.0	0.0	0.0	0.0	0.0	0.0	0.0	0.0	0.0	0.0	1.0	165.0	82.5	2.0	45.0	80.0	95.0
132	5	OATS	Oats	1600.0	30.0	0.5	3.5	0.15	0.5	0.01	0.95	0.8	0.9	1.0	15.0	0.0	0.03	0.01	0.06	0.02	0.01	0.01	0.0	0.0	0.18	0.01	4.0	0.75	10.0	660.0	45.0	0.05	7.0	0.0	0.0	0.0	0.0	0.0	0.0	0.0	0.0	0.0	1.0	315.0	157.5	2.0	20.0	70.0	120.0
133	5	WIRY	Winter Rye	1600.0	35.0	0.45	6.0	0.15	0.8	0.01	0.95	0.81	1.0	1.2	12.5	0.0	0.01	0.0	0.05	0.02	0.01	0.01	0.0	0.0	0.25	0.01	4.0	0.75	5.0	660.0	31.0	0.05	7.0	0.0	0.0	0.0	0.0	0.0	0.0	0.0	0.0	0.0	1.0	122.5	61.25	2.0	20.0	70.0	120.0
134	4	PMIL	Pearl Millet(Hirse)	1600.0	35.0	0.25	2.5	0.15	0.5	0.01	0.95	0.85	3.0	2.0	30.0	10.0	0.02	0.0	0.04	0.03	0.01	0.01	0.0	0.0	0.1	0.01	4.0	0.75	8.0	660.0	40.0	0.05	3.0	0.0	0.0	0.0	0.0	0.0	0.0	0.0	0.0	0.0	1.0	245.0	122.5	2.0	20.0	70.0	120.0
135	6	TIMO	Timothy	1600.0	35.0	0.9	4.0	0.15	0.5	0.01	0.95	0.85	0.8	2.0	25.0	8.0	0.02	0.0	0.03	0.01	0.01	0.0	0.0	0.0	0.9	0.01	4.0	0.75	8.0	660.0	45.0	0.05	3.0	0.0	0.0	0.0	0.0	0.0	0.0	0.0	0.0	0.0	2.0	245.0	122.5	2.0	20.0	70.0	120.0
136	6	BROS	Smooth Bromegrass	1600.0	35.0	0.9	5.0	0.15	0.5	0.01	0.95	0.85	1.2	2.0	25.0	8.0	0.02	0.0	0.04	0.02	0.02	0.0	0.0	0.0	0.9	0.0	4.0	0.75	8.0	660.0	45.0	0.05	3.0	0.0	0.0	0.0	0.0	0.0	0.0	0.0	0.0	0.0	2.0	245.0	122.5	2.0	20.0	70.0	120.0
137	6	BROM	Meadow Bromegrass	1600.0	35.0	0.9	3.0	0.45	0.8	0.02	0.95	0.85	0.8	1.3	25.0	6.0	0.02	0.0	0.04	0.02	0.02	0.0	0.0	0.0	0.9	0.01	4.0	0.75	8.0	660.0	45.0	0.05	3.0	0.0	0.0	0.0	0.0	0.0	0.0	0.0	0.0	0.0	2.0	245.0	122.5	2.0	20.0	70.0	120.0
138	6	FESC	Tall Fescue	1600.0	30.0	0.9	4.0	0.15	0.5	0.01	0.95	0.8	1.5	2.0	15.0	0.0	0.02	0.0	0.06	0.02	0.01	0.01	0.0	0.0	0.9	0.01	4.0	0.75	8.0	660.0	39.0	0.05	3.0	0.0	0.0	0.0	0.0	0.0	0.0	0.0	0.0	0.0	2.0	210.0	105.0	2.0	20.0	70.0	120.0
139	6	BLUG	Kentucky Bluegrass	1600.0	18.0	0.9	2.0	0.05	0.3	0.05	0.7	0.35	0.2	1.4	25.0	12.0	0.02	0.0	0.02	0.01	0.01	0.0	0.0	0.0	0.9	0.01	4.0	0.75	10.0	660.0	31.0	0.05	3.0	0.0	0.0	0.0	0.0	0.0	0.0	0.0	0.0	0.0	2.0	126.0	63.0	2.0	20.0	70.0	120.0
140	6	BERM	Bermudagrass	1600.0	35.0	0.9	4.0	0.05	0.49	0.05	0.95	0.99	0.5	2.0	25.0	12.0	0.02	0.0	0.06	0.02	0.01	0.01	0.0	0.0	0.9	0.01	4.0	0.75	10.0	660.0	36.0	0.05	3.0	0.0	0.0	0.0	0.0	0.0	0.0	0.0	0.0	0.0	2.0	245.0	122.5	2.0	20.0	70.0	120.0
141	6	CWGR	Crested Wheatgrass	1600.0	35.0	0.9	4.0	0.35	0.62	0.02	0.95	0.85	0.9	1.3	25.0	6.0	0.05	0.0	0.03	0.02	0.01	0.0	0.0	0.0	0.9	0.01	4.0	0.75	8.0	660.0	38.0	0.05	3.0	0.0	0.0	0.0	0.0	0.0	0.0	0.0	0.0	0.0	2.0	612.5	306.25	2.0	20.0	70.0	120.0
142	6	WWGR	Western Wheatgrass	1600.0	35.0	0.9	4.0	0.5	0.89	0.02	0.95	0.85	0.6	1.3	25.0	6.0	0.05	0.0	0.03	0.02	0.01	0.0	0.0	0.0	0.9	0.01	4.0	0.75	8.0	660.0	45.0	0.05	3.0	0.0	0.0	0.0	0.0	0.0	0.0	0.0	0.0	0.0	2.0	612.5	306.25	2.0	20.0	70.0	120.0
143	6	SWGR	Slender Wheatgrass	1600.0	35.0	0.9	4.0	0.15	0.5	0.01	0.95	0.85	0.7	2.0	25.0	8.0	0.05	0.0	0.03	0.02	0.01	0.0	0.0	0.0	0.9	0.01	4.0	0.75	8.0	660.0	45.0	0.05	3.0	0.0	0.0	0.0	0.0	0.0	0.0	0.0	0.0	0.0	2.0	612.5	306.25	2.0	20.0	70.0	120.0
144	5	RYEG	Italian (Annual) Ryegrass	1600.0	30.0	0.9	4.0	0.2	0.45	0.32	0.95	0.5	0.8	1.3	18.0	0.0	0.02	0.0	0.07	0.03	0.01	0.01	0.0	0.0	0.9	0.01	4.0	0.75	6.0	660.0	39.0	0.05	3.0	0.0	0.0	0.0	0.0	0.0	0.0	0.0	0.0	0.0	1.0	210.0	105.0	2.0	20.0	70.0	120.0
145	6	RYER	Russian Wildrye	1600.0	30.0	0.9	3.0	0.35	0.62	0.02	0.95	0.8	1.0	1.3	15.0	0.0	0.02	0.0	0.02	0.02	0.01	0.0	0.0	0.0	0.9	0.01	4.0	0.75	8.0	660.0	39.0	0.05	3.0	0.0	0.0	0.0	0.0	0.0	0.0	0.0	0.0	0.0	2.0	210.0	105.0	2.0	20.0	70.0	120.0
146	6	RYEA	Altai Wildrye	1600.0	30.0	0.9	3.0	0.35	0.62	0.02	0.95	0.8	1.1	1.3	15.0	0.0	0.02	0.0	0.02	0.02	0.01	0.0	0.0	0.0	0.9	0.01	4.0	0.75	8.0	660.0	46.0	0.05	3.0	0.0	0.0	0.0	0.0	0.0	0.0	0.0	0.0	0.0	2.0	210.0	105.0	2.0	20.0	70.0	120.0
147	6	SIDE	Sideoats Grama	1600.0	11.0	0.9	1.7	0.05	0.3	0.05	0.7	0.35	0.4	1.4	25.0	12.0	0.02	0.0	0.02	0.01	0.01	0.0	0.0	0.0	0.9	0.01	4.0	0.75	10.0	660.0	21.0	0.05	3.0	0.0	0.0	0.0	0.0	0.0	0.0	0.0	0.0	0.0	2.0	77.0	38.5	2.0	20.0	70.0	120.0
148	6	BBLS	Big Bluestem	1600.0	14.0	0.9	3.0	0.05	0.25	0.1	0.7	0.35	1.0	2.0	25.0	12.0	0.02	0.0	0.02	0.01	0.01	0.0	0.0	0.0	0.9	0.01	4.0	0.75	10.0	660.0	39.0	0.05	3.0	0.0	0.0	0.0	0.0	0.0	0.0	0.0	0.0	0.0	2.0	98.0	49.0	2.0	20.0	70.0	120.0
149	6	LBLS	Little Bluestem	1600.0	34.0	0.9	2.5	0.05	0.25	0.1	0.7	0.35	1.0	2.0	25.0	12.0	0.02	0.0	0.02	0.01	0.01	0.0	0.0	0.0	0.9	0.01	4.0	0.75	10.0	660.0	39.0	0.05	3.0	0.0	0.0	0.0	0.0	0.0	0.0	0.0	0.0	0.0	2.0	238.0	119.0	2.0	20.0	70.0	120.0
150	6	SWCH	Alamo Switchgrass	1600.0	47.0	0.9	6.0	0.1	0.2	0.2	0.95	0.7	2.5	2.2	25.0	12.0	0.02	0.0	0.04	0.02	0.0	0.0	0.0	0.0	0.9	0.01	4.0	0.75	8.5	660.0	54.0	0.05	3.0	0.0	0.0	0.0	0.0	0.0	0.0	0.0	0.0	0.0	2.0	329.0	164.5	2.0	20.0	70.0	120.0
151	6	INDN	Indiangrass	1600.0	34.0	0.9	3.0	0.05	0.25	0.1	0.7	0.35	1.0	2.0	25.0	12.0	0.02	0.0	0.02	0.01	0.01	0.0	0.0	0.0	0.9	0.01	4.0	0.75	10.0	660.0	39.0	0.05	3.0	0.0	0.0	0.0	0.0	0.0	0.0	0.0	0.0	0.0	2.0	238.0	119.0	2.0	20.0	70.0	120.0
152	6	ALFA	Alfalfa	1600.0	20.0	0.9	5.5	0.15	0.5	0.01	0.95	0.9	0.9	0.8	15.0	1.0	0.03	0.0	0.04	0.03	0.02	0.0	0.0	0.0	0.9	0.01	4.0	0.75	10.0	660.0	35.0	0.05	7.0	0.0	0.0	0.0	0.0	0.0	0.0	0.0	0.0	0.0	2.0	210.0	105.0	2.0	20.0	70.0	120.0
153	4	SUBE	Sugar Beet	1600.0	30.0	0.9	4.0	0.15	0.5	0.01	0.95	0.75	1.2	0.9	18.0	4.0	0.07	0.0	0.07	0.03	0.02	0.01	0.0	0.0	0.9	0.01	4.0	0.75	10.0	660.0	30.0	0.05	7.0	0.0	0.0	0.0	0.0	0.0	0.0	0.0	0.0	0.0	1.0	735.0	367.5	2.0	20.0	70.0	120.0
154	2	CLVR	Red Clover	1600.0	25.0	0.9	4.0	0.15	0.5	0.01	0.95	0.75	0.75	1.5	15.0	1.0	0.07	0.0	0.07	0.03	0.02	0.01	0.0	0.0	0.9	0.01	4.0	0.75	10.0	660.0	30.0	0.05	7.0	0.0	0.0	0.0	0.0	0.0	0.0	0.0	0.0	0.0	1.0	612.5	306.25	2.0	20.0	70.0	120.0
155	3	CLVA	Alsike Clover	1600.0	25.0	0.9	4.0	0.15	0.5	0.01	0.95	0.75	0.9	2.0	15.0	1.0	0.06	0.0	0.06	0.03	0.02	0.01	0.0	0.0	0.9	0.01	4.0	0.75	10.0	660.0	30.0	0.05	7.0	0.0	0.0	0.0	0.0	0.0	0.0	0.0	0.0	0.0	1.0	525.0	262.5	2.0	20.0	70.0	120.0
156	1	SOYB	Soybean	1600.0	25.0	0.31	3.0	0.15	0.5	0.05	0.95	0.6	0.8	1.7	25.0	10.0	0.07	0.01	0.05	0.03	0.03	0.01	0.0	0.0	0.01	0.01	4.0	0.75	8.0	660.0	34.0	0.05	7.0	0.0	0.0	0.0	0.0	0.0	0.0	0.0	0.0	0.0	1.0	612.5	306.25	2.0	20.0	70.0	120.0
157	1	CWPS	Cowpeas	1600.0	35.0	0.42	4.0	0.15	0.5	0.01	0.95	0.8	1.2	2.0	28.0	14.0	0.04	0.0	0.06	0.02	0.01	0.0	0.0	0.0	0.05	0.01	4.0	0.75	8.0	660.0	39.0	0.05	7.0	0.0	0.0	0.0	0.0	0.0	0.0	0.0	0.0	0.0	1.0	490.0	245.0	2.0	20.0	70.0	120.0
158	1	MUNG	Mung Beans	1600.0	25.0	0.31	4.0	0.15	0.5	0.01	0.95	0.9	1.5	2.0	30.0	15.0	0.04	0.0	0.05	0.03	0.03	0.01	0.0	0.0	0.01	0.01	4.0	0.75	10.0	660.0	33.0	0.05	7.0	0.0	0.0	0.0	0.0	0.0	0.0	0.0	0.0	0.0	1.0	350.0	175.0	2.0	20.0	70.0	120.0
159	1	LIMA	Lima Beans	1600.0	25.0	0.3	2.5	0.1	0.8	0.05	0.95	0.9	0.6	2.0	26.0	18.0	0.04	0.0	0.0	0.0	0.0	0.0	0.0	0.0	0.22	0.01	4.0	0.75	5.0	660.0	34.0	0.05	7.0	0.0	0.0	0.0	0.0	0.0	0.0	0.0	0.0	0.0	1.0	350.0	175.0	2.0	20.0	70.0	120.0
160	1	LENT	Lentils	1600.0	20.0	0.61	4.0	0.15	0.5	0.02	0.95	0.9	0.55	1.2	20.0	3.0	0.05	0.01	0.04	0.02	0.01	0.01	0.0	0.0	0.01	0.01	4.0	0.75	10.0	660.0	33.0	0.05	7.0	0.0	0.0	0.0	0.0	0.0	0.0	0.0	0.0	0.0	1.0	350.0	175.0	2.0	20.0	70.0	120.0
161	6	KLGS	Kleegrass	1600.0	35.0	0.9	3.7	0.1	0.5	0.5	0.99	0.99	1.0	0.85	21.0	2.5	0.02	0.0	0.06	0.02	0.01	0.01	0.0	0.0	0.9	0.01	4.0	0.75	10.0	660.0	36.0	0.05	7.0	0.0	0.0	0.0	0.0	0.0	0.0	0.0	0.0	0.0	1.0	245.0	122.5	2.0	20.0	70.0	120.0
162	2	FPEA	Field Peas	1600.0	25.0	0.45	4.0	0.15	0.5	0.01	0.95	0.75	1.2	1.2	15.0	1.0	0.04	0.0	0.05	0.03	0.03	0.0	0.0	0.0	0.1	0.01	4.0	0.75	10.0	660.0	30.0	0.05	7.0	0.0	0.0	0.0	0.0	0.0	0.0	0.0	0.0	0.0	1.0	350.0	175.0	2.0	20.0	70.0	120.0
163	2	PEAS	Garden or Canning Peas	1600.0	25.0	0.3	2.5	0.1	0.8	0.05	0.95	0.6	0.6	1.2	14.0	5.0	0.04	0.01	0.0	0.0	0.0	0.0	0.0	0.0	0.22	0.01	4.0	0.75	5.0	660.0	34.0	0.05	7.0	0.0	0.0	0.0	0.0	0.0	0.0	0.0	0.0	0.0	1.0	350.0	175.0	2.0	20.0	70.0	120.0
164	6	SESB	Sesbania	1600.0	50.0	0.31	5.0	0.15	0.5	0.01	0.95	0.9	2.0	2.0	25.0	10.0	0.07	0.01	0.05	0.02	0.02	0.01	0.0	0.0	0.01	0.01	4.0	0.75	10.0	660.0	60.0	0.05	7.0	0.0	0.0	0.0	0.0	0.0	0.0	0.0	0.0	0.0	2.0	1225.0	612.5	2.0	20.0	70.0	120.0
165	5	FLAX	Flax	1600.0	25.0	0.54	2.5	0.15	0.5	0.02	0.95	0.9	1.2	1.5	22.5	5.0	0.04	0.0	0.05	0.03	0.03	0.0	0.0	0.0	0.4	0.01	4.0	0.75	10.0	660.0	33.0	0.05	7.0	0.0	0.0	0.0	0.0	0.0	0.0	0.0	0.0	0.0	1.0	350.0	175.0	2.0	20.0	70.0	120.0
166	4	COTS	Upland Cotton-harv w/ stripper	1600.0	15.0	0.5	4.0	0.15	0.5	0.01	0.95	0.95	1.0	2.5	30.0	15.0	0.01	0.0	0.06	0.02	0.02	0.01	0.0	0.0	0.4	0.01	4.0	0.75	3.0	660.0	19.0	0.05	7.0	0.0	0.0	0.0	0.0	0.0	0.0	0.0	0.0	0.0	1.0	52.5	26.25	2.0	20.0	70.0	120.0
167	4	COTP	Upland Cotton-harv w/ picker	1600.0	15.0	0.4	4.0	0.15	0.5	0.01	0.95	0.95	1.0	2.5	30.0	15.0	0.02	0.0	0.06	0.02	0.02	0.01	0.0	0.0	0.3	0.01	4.0	0.75	3.0	660.0	19.0	0.05	7.0	0.0	0.0	0.0	0.0	0.0	0.0	0.0	0.0	0.0	1.0	105.0	52.5	2.0	20.0	70.0	120.0
168	4	TOBC	Tobacco	1600.0	39.0	0.55	4.5	0.15	0.5	0.05	0.95	0.7	1.8	2.0	25.0	10.0	0.01	0.0	0.05	0.02	0.01	0.0	0.0	0.0	0.55	0.01	4.0	0.75	8.0	660.0	44.0	0.05	7.0	0.0	0.0	0.0	0.0	0.0	0.0	0.0	0.0	0.0	1.0	136.5	68.25	2.0	20.0	70.0	120.0
169	4	SGBT	Sugarbeet	1600.0	30.0	2.0	5.0	0.05	0.5	0.05	0.95	0.6	1.2	2.0	18.0	4.0	0.01	0.0	0.06	0.02	0.01	0.01	0.0	0.0	1.1	0.01	4.0	0.75	10.0	660.0	35.0	0.05	7.0	0.0	0.0	0.0	0.0	0.0	0.0	0.0	0.0	0.0	1.0	105.0	52.5	2.0	20.0	70.0	120.0
170	5	POTA	Potato	1600.0	25.0	0.95	5.2	0.15	0.5	0.01	0.95	0.6	0.7	1.0	22.0	10.0	0.01	0.0	0.06	0.02	0.01	0.01	0.0	0.0	0.95	0.01	4.0	0.75	14.8	660.0	30.0	0.05	7.0	0.0	0.0	0.0	0.0	0.0	0.0	0.0	0.0	0.0	1.0	87.5	43.75	2.0	20.0	70.0	120.0
171	4	SPOT	Sweetpotato	1600.0	15.0	0.6	4.0	0.15	0.5	0.01	0.95	0.6	0.8	2.0	24.0	14.0	0.01	0.0	0.05	0.02	0.01	0.0	0.0	0.0	0.4	0.01	4.0	0.75	3.0	660.0	19.0	0.05	7.0	0.0	0.0	0.0	0.0	0.0	0.0	0.0	0.0	0.0	1.0	52.5	26.25	2.0	20.0	70.0	120.0
172	5	CRRT	Carrot	1600.0	30.0	1.12	3.5	0.15	0.5	0.01	0.95	0.6	0.3	1.2	24.0	7.0	0.01	0.0	0.06	0.01	0.0	0.01	0.0	0.0	0.9	0.01	4.0	0.75	10.0	660.0	35.0	0.05	7.0	0.0	0.0	0.0	0.0	0.0	0.0	0.0	0.0	0.0	1.0	105.0	52.5	2.0	20.0	70.0	120.0
173	5	ONIO	Onion	1600.0	30.0	1.25	1.5	0.15	0.5	0.01	0.95	0.6	0.5	0.6	19.0	7.0	0.02	0.0	0.04	0.03	0.0	0.0	0.0	0.0	0.95	0.01	4.0	0.75	10.0	660.0	35.0	0.05	7.0	0.0	0.0	0.0	0.0	0.0	0.0	0.0	0.0	0.0	1.0	210.0	105.0	2.0	20.0	70.0	120.0
174	4	SUNF	Sunflower	1600.0	46.0	0.3	3.0	0.15	0.5	0.01	0.95	0.62	2.5	2.0	25.0	6.0	0.05	0.01	0.05	0.02	0.01	0.01	0.0	0.0	0.18	0.01	4.0	0.75	32.3	660.0	59.0	0.05	7.0	0.0	0.0	0.0	0.0	0.0	0.0	0.0	0.0	0.0	1.0	805.0	402.5	2.0	20.0	70.0	120.0
175	4	CANP	Spring Canola-Polish	1600.0	34.0	0.23	3.5	0.15	0.45	0.02	0.95	0.5	0.9	0.9	21.0	5.0	0.04	0.01	0.04	0.02	0.01	0.01	0.0	0.0	0.01	0.01	4.0	0.75	10.0	660.0	39.0	0.05	7.0	0.0	0.0	0.0	0.0	0.0	0.0	0.0	0.0	0.0	1.0	476.0	238.0	2.0	20.0	70.0	120.0
176	4	CANA	Spring Canola-Argentine	1600.0	34.0	0.3	4.5	0.15	0.45	0.02	0.95	0.5	1.3	1.4	21.0	5.0	0.04	0.01	0.04	0.02	0.01	0.01	0.0	0.0	0.01	0.01	4.0	0.75	10.0	660.0	40.0	0.05	7.0	0.0	0.0	0.0	0.0	0.0	0.0	0.0	0.0	0.0	1.0	476.0	238.0	2.0	20.0	70.0	120.0
177	6	ASPR	Asparagus	1600.0	90.0	0.8	4.2	0.25	0.4	0.23	0.86	1.0	0.5	2.0	24.0	10.0	0.06	0.01	0.06	0.05	0.04	0.01	0.0	0.0	0.95	0.01	4.0	0.75	5.0	660.0	95.0	0.05	7.0	0.0	0.0	0.0	0.0	0.0	0.0	0.0	0.0	0.0	2.0	1890.0	945.0	2.0	20.0	70.0	120.0
178	5	BROC	Broccoli	1600.0	26.0	0.8	4.2	0.25	0.4	0.23	0.86	1.0	0.5	0.6	18.0	4.0	0.05	0.01	0.06	0.01	0.01	0.01	0.0	0.0	0.95	0.01	4.0	0.75	5.0	660.0	30.0	0.05	7.0	0.0	0.0	0.0	0.0	0.0	0.0	0.0	0.0	0.0	1.0	455.0	227.5	2.0	20.0	70.0	120.0
179	6	CABG	Cabbage	1600.0	19.0	0.8	3.0	0.25	0.4	0.23	0.86	1.0	0.5	0.6	18.0	1.0	0.03	0.0	0.06	0.01	0.0	0.01	0.0	0.0	0.95	0.01	4.0	0.75	5.0	660.0	25.0	0.05	7.0	0.0	0.0	0.0	0.0	0.0	0.0	0.0	0.0	0.0	1.0	199.5	99.75	2.0	20.0	70.0	120.0
180	5	CAUF	Cauliflower	1600.0	21.0	0.8	2.5	0.25	0.4	0.23	0.86	1.0	0.5	0.6	18.0	5.0	0.04	0.01	0.06	0.01	0.0	0.01	0.0	0.0	0.95	0.01	4.0	0.75	5.0	660.0	25.0	0.05	7.0	0.0	0.0	0.0	0.0	0.0	0.0	0.0	0.0	0.0	1.0	294.0	147.0	2.0	20.0	70.0	120.0
181	6	CELR	Celery	1600.0	27.0	0.8	2.5	0.25	0.4	0.23	0.86	1.0	0.5	0.6	22.0	4.0	0.02	0.0	0.06	0.02	0.01	0.01	0.01	0.0	0.95	0.01	4.0	0.75	5.0	660.0	30.0	0.05	7.0	0.0	0.0	0.0	0.0	0.0	0.0	0.0	0.0	0.0	1.0	189.0	94.5	2.0	20.0	70.0	120.0
182	5	LETT	Head Lettuce	1600.0	23.0	0.8	4.2	0.25	0.4	0.23	0.86	1.0	0.2	0.6	18.0	7.0	0.04	0.0	0.04	0.03	0.02	0.01	0.0	0.0	0.01	0.0	4.0	0.75	8.0	660.0	25.0	0.05	7.0	0.0	0.0	0.0	0.0	0.0	0.0	0.0	0.0	0.0	1.0	322.0	161.0	2.0	20.0	70.0	120.0
183	5	SPIN	Spinach	1600.0	30.0	0.95	4.2	0.1	0.9	0.05	0.95	0.95	0.5	0.6	24.0	4.0	0.05	0.01	0.06	0.04	0.03	0.01	0.0	0.0	0.95	0.01	4.0	0.75	5.0	660.0	35.0	0.05	7.0	0.0	0.0	0.0	0.0	0.0	0.0	0.0	0.0	0.0	1.0	525.0	262.5	2.0	20.0	70.0	120.0
184	1	GRBN	Green Beans	1600.0	25.0	0.1	1.5	0.1	0.8	0.05	0.95	0.9	0.6	1.2	19.0	10.0	0.03	0.0	0.0	0.0	0.0	0.0	0.0	0.0	0.1	0.01	4.0	0.75	5.0	660.0	34.0	0.05	7.0	0.0	0.0	0.0	0.0	0.0	0.0	0.0	0.0	0.0	1.0	262.5	131.25	2.0	20.0	70.0	120.0
185	4	CUCM	Cucumber	1600.0	30.0	0.27	1.5	0.15	0.5	0.05	0.95	0.6	0.5	1.2	32.0	16.0	0.02	0.0	0.07	0.01	0.0	0.01	0.0	0.0	0.25	0.0	4.0	0.75	8.0	660.0	39.0	0.05	7.0	0.0	0.0	0.0	0.0	0.0	0.0	0.0	0.0	0.0	1.0	210.0	105.0	2.0	20.0	70.0	120.0
186	4	EGGP	Eggplant	1600.0	30.0	0.59	3.0	0.15	0.5	0.05	0.95	0.6	0.5	1.2	26.0	15.0	0.02	0.0	0.07	0.03	0.01	0.01	0.0	0.0	0.25	0.01	4.0	0.75	8.0	660.0	39.0	0.05	7.0	0.0	0.0	0.0	0.0	0.0	0.0	0.0	0.0	0.0	1.0	210.0	105.0	2.0	20.0	70.0	120.0
187	4	CANT	Cantaloupe	1600.0	30.0	0.5	3.0	0.15	0.5	0.05	0.95	0.6	0.5	1.2	35.0	15.0	0.01	0.0	0.07	0.03	0.01	0.01	0.0	0.0	0.25	0.01	4.0	0.75	3.0	660.0	39.0	0.05	7.0	0.0	0.0	0.0	0.0	0.0	0.0	0.0	0.0	0.0	1.0	105.0	52.5	2.0	20.0	70.0	120.0
188	5	WIRA	Winter Rape	1450.0	20.0	0.45	5.0	0.15	0.5	0.01	0.95	0.75	1.1	1.4	21.0	2.0	0.033	0.01	0.07	0.06	0.025	0.02	0.0	0.0	0.25	0.0	4.0	0.75	3.0	660.0	39.0	0.05	7.0	0.0	0.0	0.0	0.0	0.0	0.0	0.0	0.0	0.0	1.0	261.0	130.5	5.0	80.0	140.0	200.0
189	6	AKGS	Ackergras	1600.0	35.0	0.9	7.2	0.1	0.5	0.5	0.99	0.99	0.9	0.8	21.0	2.5	0.02	0.0	0.06	0.02	0.01	0.01	0.0	0.0	0.9	0.01	4.0	0.75	10.0	660.0	36.0	0.05	7.0	0.0	0.0	0.0	0.0	0.0	0.0	0.0	0.0	0.0	1.0	245.0	122.5	2.0	20.0	70.0	120.0
190	4	PEPR	Bell Pepper	1600.0	30.0	0.6	5.0	0.15	0.5	0.05	0.95	0.6	0.5	1.2	27.0	18.0	0.02	0.0	0.06	0.04	0.03	0.01	0.0	0.0	0.25	0.01	4.0	0.75	8.0	660.0	39.0	0.05	7.0	0.0	0.0	0.0	0.0	0.0	0.0	0.0	0.0	0.0	1.0	210.0	105.0	2.0	20.0	70.0	120.0
191	6	STRW	Strawberry	1600.0	30.0	0.45	3.0	0.15	0.5	0.05	0.95	0.6	0.5	0.6	32.0	10.0	0.01	0.0	0.07	0.03	0.01	0.01	0.0	0.0	0.25	0.01	4.0	0.75	8.0	660.0	39.0	0.05	7.0	0.0	0.0	0.0	0.0	0.0	0.0	0.0	0.0	0.0	1.0	105.0	52.5	2.0	20.0	70.0	120.0
192	4	TOMA	Tomato	1600.0	30.0	0.33	3.0	0.15	0.5	0.05	0.95	0.95	0.5	2.0	22.0	10.0	0.02	0.0	0.07	0.03	0.03	0.01	0.0	0.0	0.15	0.01	4.0	0.75	8.0	660.0	39.0	0.05	7.0	0.0	0.0	0.0	0.0	0.0	0.0	0.0	0.0	0.0	1.0	210.0	105.0	2.0	20.0	70.0	120.0
193	7	APPL	Apple	1600.0	15.0	0.1	4.0	0.1	0.5	0.15	0.75	0.99	3.5	2.0	20.0	7.0	0.0	0.0	0.01	0.0	0.0	0.0	0.0	0.0	0.05	0.01	4.0	0.75	3.0	660.0	20.0	0.05	7.0	0.0	0.0	0.0	0.0	0.0	0.0	0.0	0.0	0.0	1.0	0.0	0.0	2.0	20.0	70.0	120.0
194	7	PINE	Pine	1600.0	15.0	0.76	5.0	0.15	0.25	0.7	0.99	0.99	10.0	3.5	30.0	0.0	0.0	0.0	0.01	0.0	0.0	0.0	0.0	0.0	0.6	0.0	4.0	0.75	8.0	660.0	16.0	0.05	7.0	0.0	0.0	0.0	0.0	0.0	0.0	0.0	0.0	0.0	1.0	0.0	0.0	2.0	20.0	70.0	120.0
195	7	OAK	Oak	1600.0	15.0	0.76	5.0	0.05	0.4	0.05	0.95	0.99	6.0	3.5	30.0	10.0	0.0	0.0	0.01	0.0	0.0	0.0	0.0	0.0	0.01	0.0	4.0	0.75	8.0	660.0	16.0	0.05	7.0	0.0	0.0	0.0	0.0	0.0	0.0	0.0	0.0	0.0	1.0	0.0	0.0	2.0	20.0	70.0	120.0
196	7	POPL	Poplar	1600.0	30.0	0.76	5.0	0.05	0.4	0.05	0.95	0.99	7.5	3.5	30.0	10.0	0.0	0.0	0.01	0.0	0.0	0.0	0.0	0.0	0.01	0.0	4.0	0.75	8.0	660.0	31.0	0.05	5.0	0.0	0.0	0.0	0.0	0.0	0.0	0.0	0.0	0.0	1.0	0.0	0.0	2.0	20.0	70.0	120.0
197	5	WBAR	Winter Barley	2000.0	30.0	0.7	2.1	0.15	0.8	0.01	0.95	0.81	0.9	1.0	15.0	0.0	0.02	0.0	0.04	0.02	0.011	0.0	0.0	0.0	0.01	0.01	4.0	0.75	8.0	660.0	18.0	0.05	7.0	0.0	0.0	0.0	0.0	0.0	0.0	0.0	0.0	0.0	1.0	273.0	136.5	2.0	20.0	70.0	120.0
198	1	URBA	Urban Areas	700.0	15.0	0.9	7.2	0.1	0.5	0.5	0.99	0.99	0.9	0.8	21.0	2.5	0.02	0.0	0.06	0.02	0.01	0.01	0.0	0.0	0.9	0.01	4.0	0.75	10.0	660.0	36.0	0.05	3.0	0.0	0.0	0.0	0.0	0.0	0.0	0.0	0.0	0.0	1.0	105.0	52.5	2.0	20.0	70.0	120.0
199	5	PHAC	Phacelia	1600.0	20.0	0.35	5.0	0.15	0.5	0.01	0.95	0.75	1.1	1.4	21.0	2.0	0.033	0.01	0.07	0.06	0.03	0.02	0.0	0.0	0.25	0.0	4.0	0.75	3.0	660.0	39.0	0.05	7.0	0.0	0.0	0.0	0.0	0.0	0.0	0.0	0.0	0.0	1.0	231.0	115.5	2.0	20.0	70.0	120.0
220	8	CSIL	Corn Silage (undersown)	800.0	40.0	0.8	8.0	0.15	0.5	0.05	0.95	0.7	2.0	1.5	25.0	5.0	0.015	0.0	0.05	0.02	0.013	0.0	0.0	0.0	0.9	0.01	4.0	0.75	7.2	660.0	45.0	0.05	7.0	0.0	0.0	0.0	0.0	0.0	0.0	0.0	0.0	0.0	1.0	270.0	165.0	25.0	140.0	170.0	215.0
# End of File crop.par!