# hru.par created Tue, 28 Jan 2014, 09:21:39 by GRASS-HRU  edited manually by F. Tilmant 17.02.14															
ID	area	elevation	slope	aspect	x	y	watershed	subbasin	hgeoID	landuseID	soilID	to_poly	to_reach
0	0	0	0	0	0	0	0	0	0	0	0	0	0
999999	9999999	10000	90	360	9999999	9999999	999999	999999	9999	9999	9999	999999	999999
n/a	m2	m	deg	deg	m	m	n/a	n/a	n/a	n/a	n/a	n/a	n/a
1	1800000	2048	19.397	282	952300	6464700	439	14	10	13	7	6	0
2	2160000	1762	21.744	255	954200	6463500	439	12	10	13	7	9	0
3	2000000	1825	16.289	255	953800	6464900	439	12	10	13	7	0	1200
4	1080000	1931	19.618	-10	951700	6464300	439	14	10	13	7	6	0
5	1400000	2150	19.221	0	951400	6463300	439	14	10	14	7	4	0
6	1640000	1708	17.94	286	952900	6463500	439	14	10	13	7	0	1400
7	1360000	1643	15.89	258	956200	6462900	439	12	16	13	7	11	0
8	1680000	2104	14.612	4	951600	6462100	439	14	10	14	7	4	0
9	1600000	1550	10.875	74	953800	6462900	439	12	10	10	8	0	1200
10	1080000	2310	15.953	-3	950100	6461700	439	14	10	14	7	8	0
11	1080000	1499	10.9	248	955300	6461700	439	12	16	12	8	0	1200
12	240000	1512	12.133	234	957100	6462300	439	10	16	12	8	0	1001
13	1080000	1801	20.729	8	952700	6461900	439	16	10	13	7	16	0
14	1120000	2339	19.336	-14	950700	6460700	439	18	10	14	8	20	0
15	2600000	1800	17.147	-19	952300	6461300	439	16	10	13	8	0	1600
16	1880000	1628	9.274	161	953400	6462500	439	16	10	13	8	0	1600
17	1680000	1573	9.833	6	955200	6461300	439	22	16	13	8	0	2200
18	1960000	2530	12.973	7	949300	6459100	439	18	10	14	8	14	0
19	2600000	2115	17.536	63	951000	6459900	439	18	10	14	8	0	1800
20	1080000	2298	21.329	7	950300	6460100	439	18	10	14	8	19	0
21	1960000	1899	16.985	290	951600	6460300	439	18	10	13	8	0	1800
22	1480000	1790	17.26	155	953200	6459300	439	20	10	10	8	0	2000
23	2240000	1822	14.207	16	954700	6459500	439	22	16	13	8	17	0
24	2280000	2091	17.269	93	954500	6458300	439	22	15	13	8	23	0
25	2080000	1860	19.192	9	952300	6458900	439	20	10	13	8	0	2000
26	1240000	2729	20.641	8	948600	6459500	439	18	10	14	8	18	0
27	1160000	2576	7.158	11	949500	6458300	439	18	10	14	8	0	1800
28	1880000	2061	18.657	166	953400	6458100	439	20	10	13	8	36	0
29	1160000	2545	12.674	69	950200	6457900	439	18	10	14	8	19	0
30	1520000	2884	18.293	0	948300	6457100	439	18	10	15	8	27	0
31	2080000	2403	17.426	10	951200	6457300	439	20	10	13	8	35	0
32	1120000	2303	17.852	14	952300	6456700	439	20	10	13	8	35	0
33	1280000	2192	18.196	184	953900	6457500	439	20	16	13	8	28	0
34	1440000	2838	14.323	94	948600	6456500	439	18	10	15	8	30	0
35	1520000	2125	21.624	30	952100	6456900	439	20	10	14	8	25	0
36	1200000	2169	17.746	22	953100	6455500	439	20	10	13	8	0	2000
37	1640000	2487	25.367	171	954700	6455500	439	20	15	14	8	28	0
38	1080000	3028	20.25	17	947500	6456700	439	18	10	15	8	34	0
