# hru.par created Tue, 28 Jan 2014, 09:21:39 by GRASS-HRU  edited manually by F. Tilmant 17.02.14															
ID	area	elevation	slope	aspect	x	y	watershed	subbasin	hgeoID	landuseID	soilID	to_poly	to_reach	irrigated	irrig_type
0	0	0	0	0	0	0	0	0	0	0	0	0	0	0	0
999999	9999999	10000	90	360	9999999	9999999	999999	999999	9999	9999	9999	999999	999999	999999	999999
n/a	m2	m	deg	deg	m	m	n/a	n/a	n/a	n/a	n/a	n/a	n/a	n/a	n/a
7643	9720000	1805	17.977	267	953700	6463700	439	86361	10	13	7	0	86361	0	0
7653	10560000	2195	17.799	203	951000	6460100	439	86361	10	14	7	7746	0	0	0
7691	8360000	1618	12.45	75	955300	6462700	439	86361	16	13	8	0	86361	0	0
7719	6560000	1731	15.176	166	955100	6461300	439	86361	10	13	8	0	86361	0	0
7739	10880000	2704	15.167	118	949300	6456700	439	86361	10	14	8	7653	0	0	0
7746	6160000	2111	19.808	111	951800	6459700	439	86361	10	13	8	7719	0	0	0
7756	8600000	2144	19.021	167	954000	6457900	439	86361	10	13	8	7719	0	0	0
