# landuse.par for the Ardeche catchment by I. Horner (2017-03-27) inspired by the Corine Land Cover 06 database (processed by T. Cipriani) and HIGHLY simplified																							
LID	Kc_1	Kc_2	Kc_3	Kc_4	Kc_5	Kc_6	Kc_7	Kc_8	Kc_9	Kc_10	Kc_11	Kc_12	LAI_1	LAI_2	LAI_3	LAI_4	LAI_5	LAI_6	LAI_7	LAI_8	LAI_9	LAI_10	LAI_11	LAI_12	rootDepth	sealedGrade	MaxInfSummer	MaxInfWinter	MaxInfSnow
1	0	0	0	0	0	0	0	0	0	0	0	0	0	0	0	0	0	0	0	0	0	0	0	0	0	0	0	0	0	0	0
-9999	1000	1000	1000	1000	1000	1000	1000	1000	1000	1000	1000	1000	100	100	100	100	100	100	100	100	100	100	100	100	50	1	1000	1000	1000
n/a	%	n/a	n/a	n/a	n/a	n/a	n/a	n/a	n/a	n/a	n/a	n/a	n/a	n/a	n/a	n/a	n/a	n/a	n/a	n/a	n/a	n/a	n/a	n/a	n/a	dm	n/a	mm	mm	mm
1	1	1	1	1	1	1	1	1	1	1	1	1	1.5	1.5	1.5	1.5	1.5	1.5	1.5	1.5	1.5	1.5	1.5	1.5	7.5	0.5	40	50	20
2	0.8	0.8	0.9	0.9	1	1	0.9	0.9	0.8	0.8	0.7	0.7	1	1.5	1.75	2	2.5	3	3	2.5	2	1.75	1.5	1	17.5	0.2	40	50	20
3	0.7	0.7	0.8	0.8	0.9	0.9	1	1	0.9	0.9	0.8	0.8	1.5	1	1	1.5	1.75	2	2.5	3	3	2.5	2	1.75	17.5	0.2	40	50	20
4	0.5	0.5	0.5	0.5	0.5	0.5	0.5	0.5	0.5	0.5	0.5	0.5	0	0	0	0	0	0	0	0	0	0	0	0	10	0.5	40	50	20
5	1	1	1	1	1	1	1	1	1	1	1	1	1	1	1.5	2	2.5	3	3	2.5	2	1.5	1	1	15	0.1	40	50	20
6	1	1	1.1	1.1	1.2	1.2	1.2	1.2	1.1	1.1	1	1	2	2.5	3	3.5	4	4	4	4	3.5	3	2.5	2	15	0.2	40	50	20
7	1	1	1.1	1.1	1.2	1.2	1.2	1.2	1.1	1.1	1	1	2	2.5	3	3.5	4	4	4	4	3.5	3	2.5	2	15	0.2	40	50	20
8	1	1	1.1	1.1	1.2	1.2	1.2	1.2	1.1	1.1	1	1	2	2.5	3	3.5	4	4	4	4	3.5	3	2.5	2	15	0.2	40	50	20
9	1	1	1	1	1	1	1	1	1	1	1	1	1	1	1.5	2	2.5	3	3	2.5	2	1.5	1	1	15	0.1	40	50	20
10	0.5	0.5	0.5	0.75	1	1	1	1	1	0.75	0.5	0.5	1	1.5	2	2.5	3	4	4	3	2.5	2	1.5	1	30	0	80	100	40
# end of landuse.par																							
