Datum	precip	tmean	obsRO	RD1	RD2	RG1	RG2	QD	QB
1979.11.01 00:00	136.835	0.032	69.853	3.998	17.608	14.012	3.076	21.608	17.089
1979.12.01 00:00	220.706	0.428	174.063	23.255	48.302	33.572	12.804	71.560	46.374
1980.01.01 00:00	100.510	-5.405	45.524	0.085	1.570	17.045	17.309	1.655	34.356
1980.02.01 00:00	144.894	0.137	147.214	4.391	40.860	28.083	21.710	45.255	49.789
1980.03.01 00:00	99.027	-0.073	79.088	2.582	17.023	36.458	30.260	19.605	66.720
1980.04.01 00:00	186.779	2.600	170.876	6.213	49.448	46.755	35.339	55.660	82.098
1980.05.01 00:00	55.043	7.210	139.039	0.407	7.954	34.524	37.074	8.364	71.602
1980.06.01 00:00	154.438	11.377	53.234	0.129	3.803	18.294	31.481	3.929	49.774
1980.07.01 00:00	217.899	11.646	174.797	15.873	45.324	41.086	35.106	61.202	76.193
1980.08.01 00:00	90.388	14.112	50.441	0.000	0.592	21.152	31.915	0.593	53.070
1980.09.01 00:00	88.709	11.682	45.987	0.000	1.534	17.731	28.236	1.534	45.965
1980.10.01 00:00	92.814	4.784	49.178	0.010	2.764	14.722	26.117	2.774	40.841
1980.11.01 00:00	140.110	-0.916	107.403	1.405	17.336	18.207	24.248	18.742	42.456
1980.12.01 00:00	144.478	-3.427	140.632	2.265	22.094	27.563	26.572	24.359	54.136
1981.01.01 00:00	210.811	-4.575	103.016	0.082	5.607	23.315	27.132	5.691	50.447
1981.02.01 00:00	93.279	-3.836	62.870	0.357	8.910	16.894	23.446	9.268	40.340
1981.03.01 00:00	210.341	3.711	452.604	92.634	115.659	31.684	28.778	208.290	60.458
1981.04.01 00:00	112.076	5.001	128.869	12.906	41.049	43.672	34.148	53.956	77.818
1981.05.01 00:00	130.210	10.101	137.580	8.311	27.030	37.506	35.481	35.345	72.990
1981.06.01 00:00	108.849	12.378	64.069	0.003	1.910	22.879	31.552	1.915	54.432
1981.07.01 00:00	108.535	12.980	51.308	0.004	2.266	16.277	28.950	2.270	45.226
1981.08.01 00:00	276.432	13.655	235.338	102.661	19.375	24.955	28.356	122.038	53.311
1981.09.01 00:00	103.816	11.886	59.348	0.205	1.903	16.064	25.432	2.107	41.497
1981.10.01 00:00	179.687	4.924	146.879	8.482	43.614	34.257	29.094	52.097	63.345
1981.11.01 00:00	239.870	0.977	176.923	7.089	40.249	42.441	33.215	47.342	75.660
1981.12.01 00:00	224.461	-5.043	108.867	0.029	4.873	26.993	32.824	4.902	59.814
1982.01.01 00:00	112.316	-2.572	135.713	2.317	21.696	26.822	32.179	24.011	58.999
1982.02.01 00:00	18.725	-2.585	73.705	0.133	10.495	28.730	29.199	10.627	57.927
1982.03.01 00:00	85.208	1.108	82.611	0.522	24.649	40.498	34.836	25.166	75.335
1982.04.01 00:00	106.159	3.271	193.271	7.037	38.080	50.044	38.485	45.116	88.531
1982.05.01 00:00	71.819	9.604	186.295	4.663	25.116	41.600	39.962	29.778	81.561
1982.06.01 00:00	103.338	13.523	94.370	0.000	0.636	17.155	32.418	0.636	49.575
1982.07.01 00:00	58.680	16.329	30.167	0.000	0.406	9.314	27.850	0.406	37.170
1982.08.01 00:00	87.157	14.826	45.587	0.039	1.232	7.910	23.717	1.271	31.626
1982.09.01 00:00	44.986	14.767	25.525	0.000	0.105	3.871	18.813	0.105	22.684
1982.10.01 00:00	189.939	7.045	108.531	17.357	13.140	17.817	20.238	30.496	38.057
1982.11.01 00:00	78.936	3.361	82.810	0.664	8.953	17.534	20.197	9.613	37.729
1982.12.01 00:00	139.988	-0.783	127.407	0.747	14.114	27.813	24.016	14.863	51.837
1983.01.01 00:00	245.126	0.099	192.138	5.315	42.770	37.921	29.777	48.082	67.703
1983.02.01 00:00	85.331	-4.997	88.594	0.441	10.624	27.253	28.331	11.065	55.585
1983.03.01 00:00	107.841	1.094	140.695	8.713	43.666	37.226	33.211	52.379	70.438
1983.04.01 00:00	189.406	5.617	216.601	19.340	82.767	52.975	38.648	102.107	91.623
1983.05.01 00:00	148.307	8.167	96.834	2.808	17.694	37.648	38.920	20.504	76.570
1983.06.01 00:00	35.590	13.297	58.422	0.003	0.922	20.102	32.587	0.926	52.688
1983.07.01 00:00	84.944	17.782	35.089	1.235	2.435	9.540	27.843	3.671	37.383
1983.08.01 00:00	96.930	15.641	31.697	0.000	0.782	7.889	23.723	0.782	31.612
1983.09.01 00:00	115.013	11.106	30.436	0.000	0.872	10.233	20.736	0.872	30.969
1983.10.01 00:00	76.365	6.031	34.755	0.000	0.895	12.328	20.217	0.895	32.545
1983.11.01 00:00	108.492	1.414	34.564	4.394	6.604	6.822	17.379	10.997	24.200
1983.12.01 00:00	65.749	-2.065	55.959	0.860	8.714	16.123	18.342	9.575	34.467
1984.01.01 00:00	229.276	-2.750	86.333	0.313	12.829	27.747	22.554	13.142	50.300
1984.02.01 00:00	166.274	-3.743	67.330	0.647	11.334	21.942	22.738	11.986	44.683
1984.03.01 00:00	37.691	-1.506	47.449	0.427	6.717	13.541	22.518	7.144	36.060
1984.04.01 00:00	81.908	3.308	168.285	1.053	25.828	37.945	27.685	26.884	65.630
1984.05.01 00:00	170.668	7.352	251.622	21.028	59.818	50.407	36.248	80.843	86.656
1984.06.01 00:00	114.949	10.496	111.259	5.691	17.304	39.290	36.685	22.992	75.969
1984.07.01 00:00	126.106	12.441	42.735	0.000	2.437	22.275	33.949	2.438	56.225
1984.08.01 00:00	94.148	14.557	51.639	0.000	1.755	18.213	30.477	1.755	48.692
1984.09.01 00:00	250.300	8.911	192.271	31.603	33.898	25.648	29.183	65.499	54.829
1984.10.01 00:00	114.012	7.457	126.812	1.459	19.635	40.174	33.391	21.093	73.566
1984.11.01 00:00	106.671	3.779	92.382	9.493	21.590	20.648	29.737	31.080	50.386
1984.12.01 00:00	73.530	-1.663	62.277	0.028	4.191	21.902	28.714	4.220	50.618
1985.01.01 00:00	102.939	-7.567	47.317	0.000	0.779	10.435	24.911	0.779	35.346
1985.02.01 00:00	41.377	-5.696	48.385	0.792	10.120	17.372	22.586	10.913	39.955
1985.03.01 00:00	114.419	-0.331	55.629	0.684	12.479	24.179	26.053	13.163	50.236
1985.04.01 00:00	105.104	4.240	179.914	4.825	32.544	38.457	29.739	37.367	68.198
1985.05.01 00:00	107.775	10.532	89.195	0.178	5.718	26.312	30.427	5.896	56.738
1985.06.01 00:00	156.628	9.726	97.170	0.051	5.249	23.173	28.213	5.298	51.380
1985.07.01 00:00	104.478	14.423	51.313	0.000	1.685	20.004	27.619	1.685	47.626
1985.08.01 00:00	80.652	13.594	42.607	0.000	1.080	13.180	24.686	1.080	37.867
1985.09.01 00:00	88.427	11.021	47.722	0.004	1.947	13.372	22.272	1.951	35.640
1985.10.01 00:00	26.449	6.998	30.439	0.000	0.088	6.308	19.413	0.088	25.722
1985.11.01 00:00	111.865	-2.926	30.107	0.000	1.361	8.125	17.039	1.361	25.163
1985.12.01 00:00	137.672	0.471	116.376	1.353	17.852	21.265	19.772	19.203	41.038
1986.01.01 00:00	255.203	-3.514	127.674	2.444	25.850	30.804	24.611	28.293	55.415
1986.02.01 00:00	29.138	-10.062	47.921	0.000	0.637	16.478	22.171	0.637	38.648
1986.03.01 00:00	152.775	-0.050	83.206	4.771	33.610	23.922	25.816	38.382	49.739
1986.04.01 00:00	113.657	2.503	282.394	14.264	66.223	47.204	33.004	80.485	80.205
1986.05.01 00:00	143.341	11.734	190.812	7.164	30.501	45.470	37.817	37.669	83.284
1986.06.01 00:00	135.406	12.550	137.108	24.804	35.210	33.653	35.758	60.014	69.411
1986.07.01 00:00	76.829	14.176	36.154	0.000	0.310	11.401	30.219	0.310	41.620
1986.08.01 00:00	112.629	13.822	25.124	0.000	0.535	8.260	25.584	0.535	33.848
1986.09.01 00:00	95.637	8.669	44.328	0.044	2.834	15.834	23.707	2.879	39.541
1986.10.01 00:00	146.568	7.578	68.183	10.520	15.718	13.137	22.437	26.237	35.578
1986.11.01 00:00	51.844	3.197	64.003	0.007	3.491	22.957	23.356	3.498	46.311
1986.12.01 00:00	286.309	-1.582	86.005	17.883	16.674	14.263	22.832	34.557	37.093
1987.01.01 00:00	149.121	-8.282	172.133	20.970	35.800	22.372	23.278	56.773	45.648
1987.02.01 00:00	105.658	-2.712	85.797	0.137	7.154	15.227	20.676	7.292	35.904
1987.03.01 00:00	171.698	-4.286	134.781	3.146	25.375	18.306	23.203	28.523	41.508
1987.04.01 00:00	30.568	6.476	205.035	5.163	61.223	42.998	29.407	66.385	72.405
1987.05.01 00:00	149.396	6.719	137.116	18.150	69.879	53.238	38.519	88.026	91.758
1987.06.01 00:00	184.842	10.845	134.655	5.066	40.441	49.499	40.244	45.508	89.747
1987.07.01 00:00	119.971	13.993	75.511	0.072	2.841	26.589	37.312	2.914	63.902
1987.08.01 00:00	130.776	12.729	72.582	0.089	4.764	26.494	34.509	4.854	61.005
1987.09.01 00:00	102.720	12.076	58.217	0.226	4.739	20.609	30.274	4.964	50.883
1987.10.01 00:00	67.446	7.101	47.657	0.003	1.772	16.840	27.890	1.773	44.729
1987.11.01 00:00	143.717	1.680	76.633	4.075	26.983	23.358	26.665	31.056	50.020
1987.12.01 00:00	109.956	-0.941	110.127	13.233	31.308	28.201	28.673	44.538	56.874
1988.01.01 00:00	140.075	0.319	144.093	1.413	26.016	37.361	32.200	27.427	69.567
1988.02.01 00:00	252.490	-1.645	97.895	0.162	15.992	38.279	32.452	16.155	70.731
1988.03.01 00:00	287.647	-1.061	107.142	10.429	48.240	25.860	32.861	58.667	58.719
1988.04.01 00:00	38.050	4.813	220.788	9.966	72.383	53.025	37.796	82.353	90.818
1988.05.01 00:00	53.764	11.386	107.936	3.503	18.044	43.043	40.342	21.545	83.382
1988.06.01 00:00	105.876	11.799	56.892	0.237	1.910	19.060	33.216	2.146	52.273
1988.07.01 00:00	146.827	14.239	44.794	0.404	4.080	16.393	30.227	4.483	46.621
1988.08.01 00:00	54.434	14.829	25.589	0.000	0.444	12.684	26.339	0.444	39.024
1988.09.01 00:00	115.768	10.347	25.990	0.112	1.957	9.467	22.467	2.068	31.930
1988.10.01 00:00	56.786	7.347	41.801	0.013	1.675	12.574	21.440	1.694	34.013
1988.11.01 00:00	145.258	0.042	37.151	0.006	2.877	11.029	19.100	2.882	30.133
1988.12.01 00:00	248.733	-0.299	221.849	6.751	58.229	37.785	26.231	64.978	64.019
1989.01.01 00:00	57.447	0.202	114.975	0.108	14.139	43.698	33.251	14.245	76.947
1989.02.01 00:00	127.947	0.639	59.348	0.598	13.338	26.989	30.405	13.934	57.398
1989.03.01 00:00	121.679	4.000	155.521	4.269	41.603	50.822	38.866	45.875	89.687
1989.04.01 00:00	122.645	4.237	94.905	2.729	14.775	36.015	36.794	17.502	72.809
1989.05.01 00:00	48.779	11.109	57.889	0.001	2.419	26.060	34.268	2.420	60.331
1989.06.01 00:00	85.289	12.169	27.383	0.000	0.296	9.857	27.350	0.296	37.209
1989.07.01 00:00	78.399	14.829	22.866	0.000	0.276	7.584	24.020	0.276	31.603
1989.08.01 00:00	77.929	14.630	21.608	0.000	0.355	5.492	20.207	0.355	25.696
1989.09.01 00:00	116.389	12.309	24.995	2.424	4.138	8.705	17.653	6.561	26.356
1989.10.01 00:00	145.047	7.936	42.602	0.459	7.149	19.013	19.751	7.608	38.767
1989.11.01 00:00	96.632	1.446	76.430	5.108	25.781	26.027	22.083	30.890	48.117
1989.12.01 00:00	181.943	0.537	136.111	30.669	61.622	23.228	24.087	92.289	47.318
1990.01.01 00:00	93.539	-1.093	67.856	1.820	16.769	25.044	26.017	18.591	51.066
1990.02.01 00:00	190.675	2.523	90.322	3.220	20.216	31.046	26.435	23.436	57.479
1990.03.01 00:00	86.635	3.952	148.543	2.735	34.627	44.856	34.570	37.362	79.427
1990.04.01 00:00	92.751	4.110	56.297	0.000	3.835	27.049	32.264	3.835	59.313
1990.05.01 00:00	25.200	11.163	35.954	0.000	0.171	15.090	28.929	0.171	44.021
1990.06.01 00:00	151.378	12.156	26.916	0.019	1.994	11.559	24.777	2.014	36.333
1990.07.01 00:00	54.695	13.409	29.904	0.000	0.611	13.252	23.541	0.611	36.793
1990.08.01 00:00	84.984	16.275	22.474	0.000	0.263	5.427	19.571	0.263	24.997
1990.09.01 00:00	153.625	8.493	25.589	0.027	2.648	13.585	18.980	2.674	32.565
1990.10.01 00:00	67.137	8.071	27.786	0.045	2.899	13.963	19.240	2.943	33.201
1990.11.01 00:00	184.817	1.238	91.452	7.141	39.506	30.263	22.924	46.646	53.188
1990.12.01 00:00	125.794	-2.841	40.342	0.284	6.462	26.322	26.664	6.746	52.989
1991.01.01 00:00	109.167	-1.562	202.242	11.581	52.631	35.269	30.258	64.214	65.525
1991.02.01 00:00	64.311	-5.307	28.516	0.000	1.098	11.143	24.072	1.098	35.215
1991.03.01 00:00	50.845	4.039	61.542	1.618	14.221	26.588	28.017	15.835	54.609
1991.04.01 00:00	84.975	3.749	35.358	0.003	1.069	17.624	25.037	1.071	42.662
1991.05.01 00:00	49.120	5.895	38.148	0.004	1.320	14.278	23.674	1.323	37.952
1991.06.01 00:00	150.992	9.694	29.115	0.092	2.548	10.283	20.791	2.638	31.073
1991.07.01 00:00	37.604	16.277	36.951	0.008	0.668	12.759	20.160	0.677	32.920
1991.08.01 00:00	41.975	15.057	20.609	0.000	0.071	4.816	16.764	0.071	21.573
1991.09.01 00:00	59.705	12.474	15.356	0.000	0.124	2.082	13.429	0.124	15.512
1991.10.01 00:00	60.057	5.903	16.156	0.000	0.329	5.860	12.878	0.329	18.734
1991.11.01 00:00	183.999	1.239	77.094	3.621	26.735	21.773	15.942	30.353	37.716
1991.12.01 00:00	203.647	-1.692	97.763	5.852	32.726	19.727	18.932	38.577	38.663
1992.01.01 00:00	104.154	-1.656	118.301	2.722	26.071	32.639	24.968	28.793	57.606
1992.02.01 00:00	86.246	-0.011	55.359	0.363	9.888	30.305	26.866	10.251	57.171
1992.03.01 00:00	214.169	1.263	119.363	3.256	37.685	43.209	34.119	40.941	77.325
1992.04.01 00:00	81.929	4.318	136.044	1.690	25.580	47.608	37.967	27.270	85.573
1992.05.01 00:00	48.823	11.306	67.659	0.589	4.452	29.955	36.080	5.044	66.031
1992.06.01 00:00	157.874	13.800	44.859	0.117	4.148	17.634	30.565	4.265	48.199
1992.07.01 00:00	138.731	15.422	59.285	0.802	3.957	17.689	28.599	4.759	46.290
1992.08.01 00:00	128.301	16.240	33.958	0.122	1.113	10.877	24.988	1.235	35.861
1992.09.01 00:00	75.923	10.755	49.051	0.295	3.960	14.810	22.712	4.252	37.526
1992.10.01 00:00	139.526	3.252	65.793	0.603	9.849	11.000	21.428	10.450	32.431
1992.11.01 00:00	182.928	1.650	142.890	3.957	39.087	35.955	25.780	43.050	61.741
1992.12.01 00:00	122.500	-0.921	103.209	1.322	20.151	44.039	33.325	21.471	77.363
1993.01.01 00:00	228.300	-0.954	124.884	23.445	53.414	38.757	35.157	76.854	73.914
1993.02.01 00:00	63.199	-1.675	44.066	0.001	4.774	33.237	32.967	4.776	66.203
1993.03.01 00:00	48.278	0.357	51.778	0.325	7.481	26.039	33.809	7.808	59.846
1993.04.01 00:00	80.814	7.966	54.690	0.358	9.079	28.961	31.921	9.437	60.882
1993.05.01 00:00	97.543	11.588	47.189	0.006	1.594	15.713	28.311	1.600	44.026
1993.06.01 00:00	105.041	12.248	42.471	0.000	1.494	15.541	25.110	1.494	40.649
1993.07.01 00:00	183.480	12.812	37.550	0.247	4.456	14.773	24.090	4.705	38.864
1993.08.01 00:00	79.262	12.979	48.250	0.013	2.334	19.527	23.910	2.349	43.435
1993.09.01 00:00	94.539	9.332	33.888	0.000	1.481	15.028	21.962	1.481	36.990
1993.10.01 00:00	89.476	5.204	46.125	0.000	1.939	14.492	21.572	1.939	36.059
1993.11.01 00:00	67.268	-2.350	56.096	0.026	3.416	15.018	20.233	3.440	35.255
1993.12.01 00:00	376.382	-0.791	220.653	8.274	54.433	29.465	24.552	62.709	54.017
1994.01.01 00:00	218.520	-0.901	204.834	8.255	66.732	47.361	33.146	74.983	80.511
1994.02.01 00:00	94.443	-3.505	64.402	0.028	8.161	33.341	31.762	8.190	65.099
1994.03.01 00:00	185.540	2.590	226.300	15.324	92.474	50.221	39.274	107.798	89.495
1994.04.01 00:00	192.631	4.605	223.310	64.423	72.008	59.236	43.689	136.433	102.931
1994.05.01 00:00	93.076	9.520	92.052	5.567	23.481	44.686	43.052	29.049	87.735
1994.06.01 00:00	52.777	12.880	35.624	0.001	1.357	23.394	35.504	1.358	58.901
1994.07.01 00:00	105.586	18.823	28.247	0.198	2.686	10.448	30.087	2.885	40.532
1994.08.01 00:00	123.238	14.918	18.479	0.000	0.708	9.377	25.633	0.708	35.009
1994.09.01 00:00	114.858	10.318	35.424	0.000	2.868	18.531	24.328	2.868	42.860
1994.10.01 00:00	104.839	5.607	34.154	0.310	2.461	13.545	23.332	2.771	36.876
1994.11.01 00:00	99.420	4.474	85.671	2.319	22.500	22.450	23.083	24.821	45.532
1994.12.01 00:00	198.358	0.273	134.921	33.679	34.671	33.308	27.696	68.352	61.000
1995.01.01 00:00	288.394	-3.690	156.851	10.776	50.598	30.012	28.915	61.379	58.929
1995.02.01 00:00	123.482	0.640	138.572	5.373	61.076	46.159	31.938	66.447	78.097
1995.03.01 00:00	143.954	-0.655	78.431	0.257	18.096	47.584	39.146	18.349	86.728
1995.04.01 00:00	150.582	5.153	172.801	18.505	60.670	50.237	40.906	79.178	91.146
1995.05.01 00:00	122.027	8.941	86.670	2.390	14.762	41.179	40.577	17.147	81.758
1995.06.01 00:00	113.276	10.861	71.247	0.593	10.879	31.330	36.330	11.473	67.664
1995.07.01 00:00	139.874	17.277	50.243	0.095	3.721	19.398	33.034	3.819	52.429
1995.08.01 00:00	77.065	15.543	39.542	0.004	0.425	11.313	27.810	0.429	39.118
1995.09.01 00:00	215.211	9.416	64.929	20.865	18.237	17.513	25.862	39.102	43.370
1995.10.01 00:00	35.013	9.278	62.144	0.679	8.645	23.413	26.129	9.325	49.545
1995.11.01 00:00	113.300	0.055	49.447	0.093	7.015	22.863	25.527	7.110	48.386
1995.12.01 00:00	91.698	-4.474	62.075	4.553	15.475	20.581	25.968	20.026	46.552
1996.01.01 00:00	2.006	-4.635	36.817	0.003	0.920	17.220	24.632	0.923	41.851
1996.02.01 00:00	126.469	-4.459	29.245	0.000	0.748	6.750	19.612	0.748	26.366
1996.03.01 00:00	63.901	-2.638	24.193	0.101	5.626	14.189	20.377	5.728	34.568
1996.04.01 00:00	68.646	5.268	95.174	0.788	11.967	28.779	23.485	12.752	52.262
1996.05.01 00:00	126.731	7.350	98.830	0.535	7.108	26.499	25.828	7.645	52.322
1996.06.01 00:00	85.053	12.183	47.254	0.015	1.043	17.792	23.871	1.057	41.663
1996.07.01 00:00	163.544	12.225	68.984	2.773	11.424	21.959	25.055	14.196	47.004
1996.08.01 00:00	89.946	14.071	26.580	0.000	0.593	14.340	23.318	0.593	37.658
1996.09.01 00:00	81.883	7.462	17.016	0.000	1.387	12.018	20.991	1.387	33.010
1996.10.01 00:00	158.238	6.553	58.549	0.819	12.813	16.338	21.536	13.632	37.875
1996.11.01 00:00	150.928	1.082	106.407	1.270	20.591	36.803	26.335	21.861	63.139
1996.12.01 00:00	75.951	-4.880	47.519	0.060	7.343	29.517	29.395	7.404	58.911
1997.01.01 00:00	25.621	-3.894	26.783	0.000	0.977	14.706	26.667	0.977	41.372
1997.02.01 00:00	221.339	0.358	160.106	27.727	63.753	26.914	26.315	91.477	53.230
1997.03.01 00:00	130.313	2.998	135.715	9.004	45.830	45.879	34.872	54.831	80.753
1997.04.01 00:00	93.614	3.081	68.056	0.047	7.170	34.457	34.603	7.216	69.063
1997.05.01 00:00	62.775	9.710	35.954	0.000	1.164	18.285	31.211	1.164	49.496
1997.06.01 00:00	91.592	12.193	26.653	0.000	0.571	8.292	25.162	0.571	33.457
1997.07.01 00:00	132.329	13.902	20.738	0.000	1.741	11.734	23.629	1.741	35.364
1997.08.01 00:00	67.683	17.044	16.556	0.000	0.399	10.985	21.394	0.399	32.381
1997.09.01 00:00	24.672	11.646	12.366	0.000	0.095	6.710	17.753	0.095	24.461
1997.10.01 00:00	115.812	4.498	22.998	0.000	2.192	10.377	17.307	2.192	27.682
1997.11.01 00:00	51.741	1.410	23.128	0.000	0.604	10.107	15.764	0.604	25.871
1997.12.01 00:00	183.842	-1.120	116.311	7.258	33.328	21.585	18.849	40.585	40.437
1998.01.01 00:00	135.206	-0.814	117.971	0.712	17.610	37.450	27.005	18.322	64.453
1998.02.01 00:00	60.807	1.002	48.984	0.614	11.118	23.370	25.274	11.732	48.645
1998.03.01 00:00	153.281	1.361	146.814	9.746	45.088	43.620	33.826	54.836	77.446
1998.04.01 00:00	104.509	5.827	54.229	0.089	7.584	30.669	32.686	7.673	63.355
1998.05.01 00:00	62.533	10.836	28.842	0.000	0.716	14.859	28.953	0.716	43.815
1998.06.01 00:00	78.557	13.234	19.944	0.000	0.451	9.448	24.134	0.451	33.587
1998.07.01 00:00	203.966	12.795	30.242	0.379	6.810	17.529	24.274	7.189	41.801
1998.08.01 00:00	114.086	13.873	26.853	0.203	4.356	16.534	23.238	4.557	39.774
1998.09.01 00:00	254.481	10.397	164.955	78.415	41.981	28.706	24.875	120.394	53.579
1998.10.01 00:00	308.887	4.973	168.478	21.277	76.419	45.684	32.845	97.699	78.532
1998.11.01 00:00	150.988	-1.658	146.219	16.511	60.366	49.752	37.608	76.880	87.362
1998.12.01 00:00	109.294	-2.104	79.093	0.658	16.058	27.110	35.954	16.718	63.063
1999.01.01 00:00	152.624	-0.413	84.210	1.185	20.879	42.946	37.995	22.066	80.948
1999.02.01 00:00	211.028	-3.440	75.836	0.126	11.550	30.956	33.458	11.678	64.416
1999.03.01 00:00	161.613	2.124	190.277	27.266	76.950	50.440	40.214	104.215	90.656
1999.04.01 00:00	93.689	5.664	116.172	8.712	50.901	54.650	42.485	59.613	97.134
1999.05.01 00:00	72.420	10.624	61.348	0.497	5.612	32.108	39.123	6.111	71.233
1999.06.01 00:00	91.706	11.611	28.984	0.000	1.291	19.240	32.756	1.291	51.997
1999.07.01 00:00	136.180	15.620	21.867	0.397	3.901	16.477	29.690	4.298	46.167
1999.08.01 00:00	122.599	13.877	14.955	0.000	1.498	13.756	26.201	1.498	39.955
1999.09.01 00:00	83.718	14.620	16.623	0.008	0.647	8.903	22.147	0.655	31.050
1999.10.01 00:00	79.146	5.891	33.561	0.230	4.095	14.543	21.749	4.325	36.296
1999.11.01 00:00	196.494	-0.020	86.003	10.198	29.492	25.022	23.025	39.692	48.051
1999.12.01 00:00	248.995	-1.555	156.184	5.198	39.296	40.199	29.860	44.499	70.061
2000.01.01 00:00	152.136	-2.675	73.378	2.549	16.617	31.501	32.275	19.167	63.773
2000.02.01 00:00	182.803	0.109	192.076	6.741	62.810	40.177	32.553	69.553	72.729
2000.03.01 00:00	301.852	1.670	319.683	66.317	122.892	58.237	41.576	189.210	99.813
2000.04.01 00:00	53.186	7.383	124.481	7.888	39.201	52.453	43.168	47.091	95.618
2000.05.01 00:00	58.603	11.728	79.961	2.154	7.597	30.539	38.935	9.754	69.479
2000.06.01 00:00	41.996	13.953	55.832	0.000	0.166	10.256	30.325	0.166	40.582
2000.07.01 00:00	183.274	11.594	16.749	0.000	2.677	16.542	28.675	2.677	45.218
2000.08.01 00:00	92.647	15.296	17.080	0.003	1.525	16.972	26.504	1.528	43.475
2000.09.01 00:00	130.470	11.449	27.449	0.172	4.618	18.991	24.768	4.791	43.762
2000.10.01 00:00	97.734	7.588	23.798	0.000	1.895	16.848	24.214	1.895	41.064
