# reach.par: Reach-Parameter fuer den Pegel in RabDud (400 Reliefeinheiten)
ID	length	to-reach	slope	rough	width
0	0	0	0	0	0
99999999	99999999	99999999	90	9999	99999999
n/a	m	n/a	%	n/a	m
1	10571	11	3.935	30	3.1
2	5017	6	17.597	30	2.0
3	6949	8	4.950	30	2.8
4	3267	6	12.914	30	2.5
5	7139	16	5.183	30	3.0
6	2414	8	3.852	30	3.6
7	4371	14	3.454	30	2.2
8	3517	12	2.054	30	5.1
9	3871	11	3.487	30	2.4
10	10467	21	12.658	30	2.9
11	2517	16	3.138	30	4.7
12	1103	14	1.903	30	5.9
13	7389	12	4.696	30	2.7
14	3914	23	2.382	30	6.5
15	5328	24	4.335	30	2.8
16	4310	28	6.496	30	5.9
17	1414	19	1.273	30	2.2
18	2603	19	1.229	30	2.0
19	853	21	10.076	30	3.0
20	4474	23	2.190	30	2.1
21	8139	39	8.232	30	5.2
22	1353	28	3.842	30	2.0
23	603	25	1.864	30	6.9
24	4724	29	7.852	30	4.3
25	5785	37	6.931	30	7.3
26	2250	24	5.467	30	2.1
27	707	25	0.001	30	1.9
28	1000	29	4.975	30	6.4
29	4328	38	3.211	30	7.9
30	5742	39	7.401	30	2.5
31	3621	37	15.188	30	2.3
32	3810	41	11.547	30	2.1
33	4474	45	4.916	30	2.3
34	8492	45	3.615	30	3.2
35	2974	41	9.547	30	2.0
36	1060	38	23.383	30	1.9
37	1457	42	5.422	30	8.0
38	4664	50	5.531	30	8.4
39	4121	49	3.567	30	6.5
40	1457	42	4.804	30	1.9
41	353	43	0.001	30	3.2
42	6078	55	9.328	30	8.5
43	5932	49	7.653	30	6.4
44	353	43	0.001	30	5.2
45	2707	44	5.245	30	4.8
46	1560	44	4.293	30	1.9
47	7432	53	6.566	30	3.2
48	2164	50	22.688	30	1.9
49	3267	52	5.355	30	9.3
50	1603	53	2.869	30	8.8
51	5664	67	20.073	30	2.3
52	2414	56	5.136	30	10.0
53	3310	60	5.800	30	9.6
54	603	55	26.675	30	1.9
55	2310	59	6.968	30	9.0
56	4474	59	9.229	30	10.3
57	2871	56	8.567	30	2.1
58	3621	66	5.992	30	2.8
59	500	63	12.400	30	13.5
60	3578	67	10.787	30	10.4
61	3371	63	13.763	30	2.1
62	8389	60	9.918	30	3.2
63	5785	69	5.341	30	13.8
64	8510	52	11.104	30	2.9
65	1353	66	1.773	30	2.2
66	4767	71	3.314	30	4.2
67	4785	69	8.839	30	10.9
68	3371	71	10.174	30	2.2
69	2664	75	4.617	30	17.5
70	19071	89	8.096	30	4.4
71	1664	74	4.567	30	5.0
72	20149	93	14.665	30	4.3
73	1707	74	8.904	30	2.1
74	6767	82	6.354	30	6.0
75	2810	78	3.309	30	17.9
76	8742	75	20.257	30	3.1
77	750	78	10.000	30	1.9
78	4414	83	3.330	30	18.1
79	1957	82	20.541	30	2.0
80	4560	83	21.466	30	2.5
81	22831	124	9.964	30	4.5
82	2560	85	10.193	30	6.9
83	4621	87	7.076	30	18.4
84	3724	85	13.209	30	2.4
85	6974	99	13.907	30	7.8
86	4517	89	21.316	30	2.6
87	1560	91	6.984	30	18.6
88	1500	87	27.867	30	2.0
89	4414	100	12.528	30	6.7
90	3560	91	22.215	30	2.2
91	1207	93	5.302	30	18.7
92	6828	109	13.429	30	2.7
93	2207	97	3.307	30	19.4
94	10760	102	21.988	30	3.0
95	2267	99	15.478	30	2.3
96	3414	97	24.603	30	2.2
97	2707	102	1.995	30	19.5
98	4060	100	22.558	30	2.4
99	4578	108	11.795	30	8.6
100	2310	103	11.382	30	7.4
101	2267	108	23.503	30	2.1
102	853	105	5.390	30	19.8
103	5474	115	15.434	30	8.0
104	1207	103	19.635	30	2.0
105	2871	113	1.881	30	20.0
106	3767	105	13.907	30	2.5
107	957	109	6.792	30	2.4
108	1457	111	13.657	30	9.0
109	4871	121	7.596	30	4.3
110	500	111	8.200	30	2.0
111	2560	116	8.953	30	9.2
112	5121	113	12.028	30	2.8
113	3207	122	2.245	30	20.3
114	2603	115	15.172	30	2.2
115	14881	149	6.579	30	9.0
116	1103	119	10.058	30	9.5
117	603	116	11.598	30	1.9
118	1707	119	20.972	30	2.0
119	4414	129	6.524	30	9.8
120	1707	121	7.791	30	2.1
121	3974	124	5.082	30	5.2
122	10967	140	2.751	30	20.6
123	1310	122	20.677	30	2.0
124	4078	130	3.751	30	7.9
125	6078	134	16.797	30	2.4
126	6432	130	6.841	30	2.7
127	3560	133	12.048	30	2.2
128	4664	129	22.019	30	2.4
129	3328	131	4.995	30	10.3
130	4267	143	2.437	30	8.7
131	2457	133	4.670	30	10.9
132	7285	131	14.827	30	3.0
133	957	134	3.239	30	11.2
134	1664	136	2.163	30	11.5
135	1707	139	18.277	30	2.1
136	3621	144	3.977	30	12.2
137	10010	136	12.117	30	3.3
138	3810	143	9.683	30	2.3
139	4767	140	7.991	30	3.6
140	4328	149	0.786	30	21.1
141	1957	148	11.701	30	2.0
142	1250	139	13.920	30	2.0
143	5517	155	4.984	30	9.3
144	5474	152	2.374	30	12.6
145	3621	144	22.036	30	2.3
146	2560	150	10.036	30	2.1
147	250	148	0.001	30	2.0
148	2267	150	8.864	30	3.0
149	2603	153	4.840	30	22.9
150	3828	154	3.657	30	4.2
151	3578	152	23.670	30	2.2
152	3664	153	4.476	30	12.9
153	1664	158	2.884	30	25.9
154	5724	155	5.135	30	5.3
155	10242	166	8.103	30	11.1
156	1457	160	16.128	30	1.9
157	1957	154	4.088	30	2.2
158	2310	160	1.774	30	26.1
159	3871	158	17.023	30	2.5
160	2267	162	1.852	30	26.2
161	3207	162	22.544	30	2.2
162	4060	169	1.010	30	26.3
163	5639	174	12.910	30	2.7
164	2767	171	11.273	30	2.7
165	4621	166	12.399	30	2.5
166	3621	173	3.652	30	11.7
167	2060	171	11.161	30	2.0
168	4724	169	11.302	30	2.7
169	2207	175	2.265	30	26.5
170	1560	174	9.547	30	2.1
171	3267	176	7.467	30	3.8
172	4871	173	9.074	30	2.6
173	3121	175	5.030	30	12.2
174	4828	178	5.654	30	4.1
175	6707	184	0.939	30	28.9
176	9285	178	4.437	30	5.3
177	1353	176	6.945	30	2.0
178	1914	180	4.127	30	7.1
179	4078	183	8.753	30	2.6
180	5699	187	2.421	30	9.9
181	2664	184	6.006	30	2.0
182	8389	180	4.351	30	6.4
183	4517	185	6.818	30	4.5
184	4974	193	1.347	30	29.0
185	2957	182	2.097	30	5.6
186	853	182	26.478	30	1.9
187	3267	192	2.815	30	10.4
188	3310	185	10.814	30	2.5
189	1914	187	11.597	30	2.2
190	4724	183	10.709	30	2.5
191	2517	192	8.261	30	1.9
192	3664	193	0.928	30	10.6
193	250	0	9.000	30	30.7
# Ende des Datensatzes
