# soil parameters for the Dudh kosi basin, derived by Santosh Nepal  created 05-05-2010																													
SID	depth	kf_min	depth_min	kf_max	cap_rise	aircap	fc_sum	fc_1	fc_2	fc_3	fc_4	fc_5	fc_6	fc_7	fc_8	fc_9	fc_10	fc_11	fc_12	fc_13	fc_14	fc_15	fc_16	fc_17	fc_18	fc_19	fc_20	fc_21	fc_22
1	0	0	0	0	0	0	0	0	0	0	0	0	0	0	0	0	0	0	0	0	0	0	0	0	0	0	0	0	0
-9999	-9999	-9999	-9999	-9999	1	-9999	-9999	-9999	-9999	-9999	-9999	-9999	-9999	-9999	-9999	-9999	-9999	-9999	-9999	-9999	-9999	-9999	-9999	-9999	-9999	-9999	-9999	-9999	-9999
n/a	cm	m/d	m	m/d	0/1	mm	mm	mm/dm	mm/dm	mm/dm	mm/dm	mm/dm	mm/dm	mm/dm	mm/dm	mm/dm	mm/dm	mm/dm	mm/dm	mm/dm	mm/dm	mm/dm	mm/dm	mm/dm	mm/dm	mm/dm	mm/dm	mm/dm	mm/dm
9	110	1	0.5	2	0	54.5	332.5	30	30.5	31	31	33	33	33	30	27	27	27	0	0	0	0	0	0	0	0	0	0	0
10	120	1	0.5	2	0	71.25	377.5	34	33.5	33	33	32	32	32	32	32	28	28	28	0	0	0	0	0	0	0	0	0	0
11	120	1	0.5	2	0	76	340	26	26	26	26	26	26	26	26	33	33	33	33	0	0	0	0	0	0	0	0	0	0
12	111.66	1	0.5	2	0	73.83	302	26	26.5	27	26.5	26	26	26	28	30	30	30	0	0	0	0	0	0	0	0	0	0	0
13	60	1	0.5	2	0	26	174.5	32	28	28	27.5	27	32	0	0	0	0	0	0	0	0	0	0	0	0	0	0	0	0
141	77	1	0.5	2	0	34.8	241.5	30	32	32	30.5	29	29	29	30	0	0	0	0	0	0	0	0	0	0	0	0	0	0
142	60	1	0.5	2	0	34	171	29	29	29	27	27	30	0	0	0	0	0	0	0	0	0	0	0	0	0	0	0	0
151	60	1	0.5	2	0	33.5	172.5	26	27	28	31.5	30	30	0	0	0	0	0	0	0	0	0	0	0	0	0	0	0	0
152	49.75	1	0.5	2	0	21.7	147	28	28.5	29	29	32.5	0	0	0	0	0	0	0	0	0	0	0	0	0	0	0	0	0
16	60	1	0.5	2	0	102	112	18	18	19	19	19	19	0	0	0	0	0	0	0	0	0	0	0	0	0	0	0	0
17	60	1	0.5	2	0	102	112	18	18	19	19	19	19	0	0	0	0	0	0	0	0	0	0	0	0	0	0	0	0
#end of soils.par																													
