# crop parameter Version 1.2 (5.März 06; originates at this step from SWAT) for Lossa																																																	
# In addition to this HU_EC Heat units required for EC-Phases on arable lands. devided into : Keimung (1). Keimtriebentwicklung (2). Bestockung(3). Schossen(4). Wachstum des Blütenstands(5). Blütenstand tritt hervor(6). Blüte(7). Reife(8). Absterben (9)																																																	
CID	IDC	CPNM	CROPNAME	PHU	RUE	HVSTI	MLAI	FRGRW1	FRGRW2	LAIMX1	LAIMX2	DLAI	CHTMX	RDMX	TOPT	TBASE	CNYLD	CPYLD	BN1	BN2	BN3	BP1	BP2	BP3	WSYF	GSI	VPDFR	FRGMAX	WAVP	CO2HI	BIOEHI	RSDCO_PL	LID	HU_EC1 	HU_EC2	HU_EC3	HU_EC4	HU_EC5	HU_EC6	HU_EC7	HU_EC8	HU_EC9	LAIMIN	endbioN	maxfert	bion02	bion04	bion06	bion08
1	4	AGRL	Agricultural Land-Generic	1600	33.5	0.45	3	0.15	0.5	0.05	0.95	0.64	1	2	30	11	0.02	0	0.04	0.02	0.01	0.01	0	0	0.25	0.01	4	0.75	8.5	660	36	0.05	7	0	0	0	0	0	0	0	0	0	1	234.5	117.25	2	20	70	120
2	4	AGRR	Agricultural Land-Row Crops	1600	39	0.5	3	0.15	0.5	0.05	0.95	0.7	2.5	2	25	8	0.01	0	0.05	0.02	0.01	0	0	0	0.3	0.01	4	0.75	7.2	660	45	0.05	7	0	0	0	0	0	0	0	0	0	1	136.5	68.25	2	20	70	120
3	5	AGRC	Agricultural Land-Close-grown	1600	30	0.4	4	0.05	0.45	0.05	0.95	0.5	0.9	1.3	18	0	0.03	0	0.07	0.03	0.01	0.01	0	0	0.2	0.01	4	0.75	6	660	39	0.05	7	0	0	0	0	0	0	0	0	0	1	315	157.5	2	20	70	120
4	7	ORCD	Orchard	1600	15	0.1	4	0.1	0.5	0.15	0.75	0.99	3.5	2	20	7	0	0	0.01	0	0	0	0	0	0.05	0.01	4	0.75	3	660	20	0.05	6	0	0	0	0	0	0	0	0	0	1	0	0	2	20	70	120
5	6	HAY	Hay	1600	35	0.9	4	0.05	0.49	0.05	0.95	0.99	0.5	2	25	12	0.02	0	0.06	0.02	0.01	0.01	0	0	0.9	0.01	4	0.75	10	660	36	0.05	3	0	0	0	0	0	0	0	0	0	1	245	122.5	2	20	70	120
6	7	FRST	Forest-Mixed	1600	18	0.1	6	0.1	0.5	0.5	0.99	0.99	24	2	15	7	0.005	0	0.011	0.01	0.009	0	0	0	0.01	0	4	0.75	8	660	16	0.05	6	0	0	0	0	0	0	0	0	0	3	31.5	15.75	2	20	70	120
7	7	FRSD	Forest-Deciduous	1600	16	0.1	5.9	0.05	0.2	0.5	0.99	0.99	23	1.5	15	8	0.005	0	0.011	0.01	0.009	0	0	0	0.01	0	4	0.75	8	660	16	0.05	5	0	0	0	0	0	0	0	0	0	2	28	14	2	20	70	120
8	7	FRSE	Forest-Evergreen	1600	20	0.1	6.2	0.2	0.5	0.5	0.99	0.99	25	2.5	15	6	0.005	0	0.011	0.01	0.009	0	0	0	0.6	0	4	0.75	8	660	16	0.05	4	0	0	0	0	0	0	0	0	0	5	35	17.5	2	20	70	120
9	6	WETL	Wetlands-Mixed	1600	47	0.9	6	0.1	0.2	0.2	0.95	0.7	2.5	2.2	25	12	0.02	0	0.04	0.02	0	0	0	0	0.9	0.01	4	0.75	8.5	660	54	0.05	9	0	0	0	0	0	0	0	0	0	2	329	164.5	2	20	70	120
10	7	WETF	Wetlands-Forested	1600	15	0.76	5	0.05	0.4	0.05	0.95	0.99	6	3.5	30	10	0	0	0.01	0	0	0	0	0	0.01	0	4	0.75	8	660	16	0.05	9	0	0	0	0	0	0	0	0	0	2	0	0	2	20	70	120
11	6	WETN	Wetlands-Non-Forested	1600	47	0.9	6	0.1	0.2	0.2	0.95	0.7	2.5	2.2	25	12	0.02	0	0.04	0.02	0	0	0	0	0.9	0.01	4	0.75	8.5	660	54	0.05	9	0	0	0	0	0	0	0	0	0	2	329	164.5	2	20	70	120
12	6	PAST	Pasture	700	30	0.9	4	0.1	0.5	0.5	0.99	0.99	0.9	0.8	21	2.5	0.013	0	0.015	0.014	0.013	0.01	0	0	0.9	0.01	4	0.75	10	660	36	0.05	3	0	0	0	0	0	0	0	0	0	1	300	150	2	20	70	120
13	6	SPAS	Summer Pasture	1600	35	0.9	4	0.05	0.49	0.05	0.95	0.99	0.5	2	25	12	0.02	0	0.06	0.02	0.01	0.01	0	0	0.9	0.01	4	0.75	10	660	36	0.05	3	0	0	0	0	0	0	0	0	0	1	245	122.5	2	20	70	120
14	6	WPAS	Winter Pasture	1600	30	0.9	4	0.15	0.5	0.01	0.95	0.8	1.5	2	15	0	0.02	0	0.06	0.02	0.01	0.01	0	0	0.9	0.01	4	0.75	8	660	39	0.05	3	0	0	0	0	0	0	0	0	0	1	210	105	2	20	70	120
15	6	RNGE	Range-Grasses	1600	34	0.9	2.5	0.05	0.25	0.1	0.7	0.35	1	2	25	12	0.02	0	0.02	0.01	0.01	0	0	0	0.9	0.01	4	0.75	10	660	39	0.05	3	0	0	0	0	0	0	0	0	0	2	238	119	2	20	70	120
16	7	RNGB	Range-Brush	1600	30	0.1	5	0.15	0.5	0.01	0.95	0.99	1	2	25	8	0.02	0	0.02	0.01	0.01	0	0	0	0.9	0.01	4	0.75	10	660	39	0.05	3	0	0	0	0	0	0	0	0	0	2	210	105	2	20	70	120
17	5	TRIT	Triticale	1600	30	0.45	3.3	0.15	0.8	0.01	0.95	0.81	0.9	1.5	18	0	0.03	0	0.07	0.03	0.01	0.01	0	0	0.2	0.01	4	0.75	6	660	39	0.05	7	0	0	0	0	0	0	0	0	0	1	315	157.5	2	20	70	120
18	6	WATR	Water	1600	0	0	1	0	0	1	1	1	0	0	0	0	0	0	0	0	0	0	0	0	0	0	0	0	0	0	0	0	11	0	0	0	0	0	0	0	0	0	1	0	0	2	20	70	120
19	4	CORN	Corn	1600	39	0.95	5	0.15	0.5	0.05	0.95	0.7	2.5	2	25	8	0.01	0	0.05	0.02	0.011	0	0	0	0.3	0.01	4	0.75	7.2	660	45	0.05	7	0	0	0	0	0	0	0	0	0	1	300	150	2	20	70	120
20	4	CSIL	Corn Silage	800	40	0.9	5	0.15	0.5	0.05	0.95	0.7	2	1.5	25	8	0.015	0	0.05	0.02	0.013	0	0	0	0.9	0.01	4	0.75	7.2	660	45	0.05	7	0	0	0	0	0	0	0	0	0	1	270	111	25	150	170	220
21	4	SCRN	Sweet Corn	1600	39	0.5	2.5	0.15	0.5	0.05	0.95	0.5	2.5	2	24	12	0.02	0	0.05	0.02	0.01	0	0	0	0.3	0.01	4	0.75	7.2	660	45	0.05	7	0	0	0	0	0	0	0	0	0	1	273	136.5	2	20	70	120
22	6	EGAM	Eastern Gamagrass	1600	21	0.9	2.5	0.05	0.25	0.18	0.9	0.4	1.7	2	25	12	0.02	0	0.02	0.01	0.01	0	0	0	0.9	0.01	4	0.75	10	660	58	0.05	7	0	0	0	0	0	0	0	0	0	2	147	73.5	2	20	70	120
23	4	GRSG	Grain Sorghum	1600	33.5	0.45	3	0.15	0.5	0.05	0.95	0.64	1	2	30	11	0.02	0	0.04	0.02	0.01	0.01	0	0	0.25	0.01	4	0.75	8.5	660	36	0.05	7	0	0	0	0	0	0	0	0	0	1	234.5	117.25	2	20	70	120
24	4	SGHY	Sorghum Hay	1600	33.5	0.9	4	0.15	0.5	0.05	0.95	0.64	1.5	2	30	11	0.02	0	0.04	0.02	0.01	0.01	0	0	0.9	0.01	4	0.75	8.5	660	36	0.05	7	0	0	0	0	0	0	0	0	0	1	234.5	117.25	2	20	70	120
25	6	JHGR	Johnsongrass	1600	35	0.9	2.5	0.15	0.57	0.05	0.95	0.5	1	2	30	11	0.02	0	0.04	0.02	0.01	0.01	0	0	0.9	0.01	4	0.75	8.5	660	36	0.05	3	0	0	0	0	0	0	0	0	0	2	245	122.5	2	20	70	120
26	6	SUGC	Sugarcane	1600	25	0.5	6	0.15	0.5	0.01	0.95	0.75	3	2	25	11	0	0	0.01	0	0	0.01	0	0	0.01	0.01	4	0.75	10	660	33	0.05	7	0	0	0	0	0	0	0	0	0	2	0	0	2	20	70	120
27	5	SWHT	Spring Wheat	1600	35	0.6	4	0.15	0.5	0.05	0.95	0.6	0.9	2	18	0	0.02	0	0.06	0.02	0.01	0.01	0	0	0.2	0.01	4	0.75	8	660	46	0.05	7	0	0	0	0	0	0	0	0	0	1	240	30	34	185	195	202
28	5	WWHT	Winter Wheat	2200	30	0.5	3.3	0.15	0.8	0.01	0.95	0.81	0.9	1.5	18	0	0.026	0	0.07	0.03	0.012	0.01	0	0	0.2	0.01	4	0.75	6	660	39	0.05	7	0	0	0	0	0	0	0	0	0	1	240	106.5	3	50	120	170
29	5	DWHT	Durum Wheat	1600	30	0.4	4	0.15	0.5	0.01	0.95	0.8	1	2	15	0	0.03	0.01	0.06	0.02	0.015	0.01	0	0	0.2	0.01	4	0.75	7	660	45	0.05	7	0	0	0	0	0	0	0	0	0	1	315	157.5	2	20	70	120
30	5	RYE	Rye	1600	35	0.4	4	0.15	0.5	0.01	0.95	0.8	1	1.8	12.5	0	0.03	0	0.06	0.02	0.01	0.01	0	0	0.2	0.01	4	0.75	7	660	45	0.05	7	0	0	0	0	0	0	0	0	0	1	367.5	183.75	2	20	70	120
31	5	BARL	Spring Barley	1400	30	0.6	2.1	0.15	0.5	0.01	0.95	0.8	0.9	1	25	0	0.02	0	0.06	0.02	0.01	0.01	0	0	0.2	0.01	4	0.75	7	660	45	0.05	7	0	0	0	0	0	0	0	0	0	1	120	30	2	45	80	95
32	5	OATS	Oats	1600	30	0.5	3.5	0.15	0.5	0.01	0.95	0.8	0.9	1	15	0	0.03	0.01	0.06	0.02	0.01	0.01	0	0	0.18	0.01	4	0.75	10	660	45	0.05	7	0	0	0	0	0	0	0	0	0	1	315	157.5	2	20	70	120
33	5	WIRY	Winter Rye	1600	35	0.45	6	0.15	0.8	0.01	0.95	0.81	1	1.2	12.5	0	0.01	0	0.05	0.02	0.01	0.01	0	0	0.25	0.01	4	0.75	5	660	31	0.05	7	0	0	0	0	0	0	0	0	0	1	122.5	61.25	2	20	70	120
34	4	PMIL	Pearl Millet(Hirse)	1600	35	0.25	2.5	0.15	0.5	0.01	0.95	0.85	3	2	30	10	0.02	0	0.04	0.03	0.01	0.01	0	0	0.1	0.01	4	0.75	8	660	40	0.05	3	0	0	0	0	0	0	0	0	0	1	245	122.5	2	20	70	120
35	6	TIMO	Timothy	1600	35	0.9	4	0.15	0.5	0.01	0.95	0.85	0.8	2	25	8	0.02	0	0.03	0.01	0.01	0	0	0	0.9	0.01	4	0.75	8	660	45	0.05	3	0	0	0	0	0	0	0	0	0	2	245	122.5	2	20	70	120
36	6	BROS	Smooth Bromegrass	1600	35	0.9	5	0.15	0.5	0.01	0.95	0.85	1.2	2	25	8	0.02	0	0.04	0.02	0.02	0	0	0	0.9	0	4	0.75	8	660	45	0.05	3	0	0	0	0	0	0	0	0	0	2	245	122.5	2	20	70	120
37	6	BROM	Meadow Bromegrass	1600	35	0.9	3	0.45	0.8	0.02	0.95	0.85	0.8	1.3	25	6	0.02	0	0.04	0.02	0.02	0	0	0	0.9	0.01	4	0.75	8	660	45	0.05	3	0	0	0	0	0	0	0	0	0	2	245	122.5	2	20	70	120
38	6	FESC	Tall Fescue	1600	30	0.9	4	0.15	0.5	0.01	0.95	0.8	1.5	2	15	0	0.02	0	0.06	0.02	0.01	0.01	0	0	0.9	0.01	4	0.75	8	660	39	0.05	3	0	0	0	0	0	0	0	0	0	2	210	105	2	20	70	120
39	6	BLUG	Kentucky Bluegrass	1600	18	0.9	2	0.05	0.3	0.05	0.7	0.35	0.2	1.4	25	12	0.02	0	0.02	0.01	0.01	0	0	0	0.9	0.01	4	0.75	10	660	31	0.05	3	0	0	0	0	0	0	0	0	0	2	126	63	2	20	70	120
40	6	BERM	Bermudagrass	1600	35	0.9	4	0.05	0.49	0.05	0.95	0.99	0.5	2	25	12	0.02	0	0.06	0.02	0.01	0.01	0	0	0.9	0.01	4	0.75	10	660	36	0.05	3	0	0	0	0	0	0	0	0	0	2	245	122.5	2	20	70	120
41	6	CWGR	Crested Wheatgrass	1600	35	0.9	4	0.35	0.62	0.02	0.95	0.85	0.9	1.3	25	6	0.05	0	0.03	0.02	0.01	0	0	0	0.9	0.01	4	0.75	8	660	38	0.05	3	0	0	0	0	0	0	0	0	0	2	612.5	306.25	2	20	70	120
42	6	WWGR	Western Wheatgrass	1600	35	0.9	4	0.5	0.89	0.02	0.95	0.85	0.6	1.3	25	6	0.05	0	0.03	0.02	0.01	0	0	0	0.9	0.01	4	0.75	8	660	45	0.05	3	0	0	0	0	0	0	0	0	0	2	612.5	306.25	2	20	70	120
43	6	SWGR	Slender Wheatgrass	1600	35	0.9	4	0.15	0.5	0.01	0.95	0.85	0.7	2	25	8	0.05	0	0.03	0.02	0.01	0	0	0	0.9	0.01	4	0.75	8	660	45	0.05	3	0	0	0	0	0	0	0	0	0	2	612.5	306.25	2	20	70	120
44	5	RYEG	Italian (Annual) Ryegrass	1600	30	0.9	4	0.2	0.45	0.32	0.95	0.5	0.8	1.3	18	0	0.02	0	0.07	0.03	0.01	0.01	0	0	0.9	0.01	4	0.75	6	660	39	0.05	3	0	0	0	0	0	0	0	0	0	1	210	105	2	20	70	120
45	6	RYER	Russian Wildrye	1600	30	0.9	3	0.35	0.62	0.02	0.95	0.8	1	1.3	15	0	0.02	0	0.02	0.02	0.01	0	0	0	0.9	0.01	4	0.75	8	660	39	0.05	3	0	0	0	0	0	0	0	0	0	2	210	105	2	20	70	120
46	6	RYEA	Altai Wildrye	1600	30	0.9	3	0.35	0.62	0.02	0.95	0.8	1.1	1.3	15	0	0.02	0	0.02	0.02	0.01	0	0	0	0.9	0.01	4	0.75	8	660	46	0.05	3	0	0	0	0	0	0	0	0	0	2	210	105	2	20	70	120
47	6	SIDE	Sideoats Grama	1600	11	0.9	1.7	0.05	0.3	0.05	0.7	0.35	0.4	1.4	25	12	0.02	0	0.02	0.01	0.01	0	0	0	0.9	0.01	4	0.75	10	660	21	0.05	3	0	0	0	0	0	0	0	0	0	2	77	38.5	2	20	70	120
48	6	BBLS	Big Bluestem	1600	14	0.9	3	0.05	0.25	0.1	0.7	0.35	1	2	25	12	0.02	0	0.02	0.01	0.01	0	0	0	0.9	0.01	4	0.75	10	660	39	0.05	3	0	0	0	0	0	0	0	0	0	2	98	49	2	20	70	120
49	6	LBLS	Little Bluestem	1600	34	0.9	2.5	0.05	0.25	0.1	0.7	0.35	1	2	25	12	0.02	0	0.02	0.01	0.01	0	0	0	0.9	0.01	4	0.75	10	660	39	0.05	3	0	0	0	0	0	0	0	0	0	2	238	119	2	20	70	120
50	6	SWCH	Alamo Switchgrass	1600	47	0.9	6	0.1	0.2	0.2	0.95	0.7	2.5	2.2	25	12	0.02	0	0.04	0.02	0	0	0	0	0.9	0.01	4	0.75	8.5	660	54	0.05	3	0	0	0	0	0	0	0	0	0	2	329	164.5	2	20	70	120
51	6	INDN	Indiangrass	1600	34	0.9	3	0.05	0.25	0.1	0.7	0.35	1	2	25	12	0.02	0	0.02	0.01	0.01	0	0	0	0.9	0.01	4	0.75	10	660	39	0.05	3	0	0	0	0	0	0	0	0	0	2	238	119	2	20	70	120
52	6	ALFA	Alfalfa	1600	20	0.9	5.5	0.15	0.5	0.01	0.95	0.9	0.9	0.8	15	1	0.03	0	0.04	0.03	0.02	0	0	0	0.9	0.01	4	0.75	10	660	35	0.05	7	0	0	0	0	0	0	0	0	0	2	210	105	2	20	70	120
53	4	SUBE	Sugar Beet	1600	30	0.9	4	0.15	0.5	0.01	0.95	0.75	1.2	0.9	18	4	0.07	0	0.07	0.03	0.02	0.01	0	0	0.9	0.01	4	0.75	10	660	30	0.05	7	0	0	0	0	0	0	0	0	0	1	735	367.5	2	20	70	120
54	2	CLVR	Red Clover	1600	25	0.9	4	0.15	0.5	0.01	0.95	0.75	0.75	1.5	15	1	0.07	0	0.07	0.03	0.02	0.01	0	0	0.9	0.01	4	0.75	10	660	30	0.05	7	0	0	0	0	0	0	0	0	0	1	612.5	306.25	2	20	70	120
55	3	CLVA	Alsike Clover	1600	25	0.9	4	0.15	0.5	0.01	0.95	0.75	0.9	2	15	1	0.06	0	0.06	0.03	0.02	0.01	0	0	0.9	0.01	4	0.75	10	660	30	0.05	7	0	0	0	0	0	0	0	0	0	1	525	262.5	2	20	70	120
56	1	SOYB	Soybean	1600	25	0.31	3	0.15	0.5	0.05	0.95	0.6	0.8	1.7	25	10	0.07	0.01	0.05	0.03	0.03	0.01	0	0	0.01	0.01	4	0.75	8	660	34	0.05	7	0	0	0	0	0	0	0	0	0	1	612.5	306.25	2	20	70	120
57	1	CWPS	Cowpeas	1600	35	0.42	4	0.15	0.5	0.01	0.95	0.8	1.2	2	28	14	0.04	0	0.06	0.02	0.01	0	0	0	0.05	0.01	4	0.75	8	660	39	0.05	7	0	0	0	0	0	0	0	0	0	1	490	245	2	20	70	120
58	1	MUNG	Mung Beans	1600	25	0.31	4	0.15	0.5	0.01	0.95	0.9	1.5	2	30	15	0.04	0	0.05	0.03	0.03	0.01	0	0	0.01	0.01	4	0.75	10	660	33	0.05	7	0	0	0	0	0	0	0	0	0	1	350	175	2	20	70	120
59	1	LIMA	Lima Beans	1600	25	0.3	2.5	0.1	0.8	0.05	0.95	0.9	0.6	2	26	18	0.04	0	0	0	0	0	0	0	0.22	0.01	4	0.75	5	660	34	0.05	7	0	0	0	0	0	0	0	0	0	1	350	175	2	20	70	120
60	1	LENT	Lentils	1600	20	0.61	4	0.15	0.5	0.02	0.95	0.9	0.55	1.2	20	3	0.05	0.01	0.04	0.02	0.01	0.01	0	0	0.01	0.01	4	0.75	10	660	33	0.05	7	0	0	0	0	0	0	0	0	0	1	350	175	2	20	70	120
61	6	KLGS	Kleegrass	1600	35	0.9	3.7	0.1	0.5	0.5	0.99	0.99	1	0.85	21	2.5	0.02	0	0.06	0.02	0.01	0.01	0	0	0.9	0.01	4	0.75	10	660	36	0.05	7	0	0	0	0	0	0	0	0	0	1	245	122.5	2	20	70	120
62	2	FPEA	Field Peas	1600	25	0.45	4	0.15	0.5	0.01	0.95	0.75	1.2	1.2	15	1	0.04	0	0.05	0.03	0.03	0	0	0	0.1	0.01	4	0.75	10	660	30	0.05	7	0	0	0	0	0	0	0	0	0	1	350	175	2	20	70	120
63	2	PEAS	Garden or Canning Peas	1600	25	0.3	2.5	0.1	0.8	0.05	0.95	0.6	0.6	1.2	14	5	0.04	0.01	0	0	0	0	0	0	0.22	0.01	4	0.75	5	660	34	0.05	7	0	0	0	0	0	0	0	0	0	1	350	175	2	20	70	120
64	6	SESB	Sesbania	1600	50	0.31	5	0.15	0.5	0.01	0.95	0.9	2	2	25	10	0.07	0.01	0.05	0.02	0.02	0.01	0	0	0.01	0.01	4	0.75	10	660	60	0.05	7	0	0	0	0	0	0	0	0	0	2	1225	612.5	2	20	70	120
65	5	FLAX	Flax	1600	25	0.54	2.5	0.15	0.5	0.02	0.95	0.9	1.2	1.5	22.5	5	0.04	0	0.05	0.03	0.03	0	0	0	0.4	0.01	4	0.75	10	660	33	0.05	7	0	0	0	0	0	0	0	0	0	1	350	175	2	20	70	120
66	4	COTS	Upland Cotton-harv w/ stripper	1600	15	0.5	4	0.15	0.5	0.01	0.95	0.95	1	2.5	30	15	0.01	0	0.06	0.02	0.02	0.01	0	0	0.4	0.01	4	0.75	3	660	19	0.05	7	0	0	0	0	0	0	0	0	0	1	52.5	26.25	2	20	70	120
67	4	COTP	Upland Cotton-harv w/ picker	1600	15	0.4	4	0.15	0.5	0.01	0.95	0.95	1	2.5	30	15	0.02	0	0.06	0.02	0.02	0.01	0	0	0.3	0.01	4	0.75	3	660	19	0.05	7	0	0	0	0	0	0	0	0	0	1	105	52.5	2	20	70	120
68	4	TOBC	Tobacco	1600	39	0.55	4.5	0.15	0.5	0.05	0.95	0.7	1.8	2	25	10	0.01	0	0.05	0.02	0.01	0	0	0	0.55	0.01	4	0.75	8	660	44	0.05	7	0	0	0	0	0	0	0	0	0	1	136.5	68.25	2	20	70	120
69	4	SGBT	Sugarbeet	1600	30	2	5	0.05	0.5	0.05	0.95	0.6	1.2	2	18	4	0.01	0	0.06	0.02	0.01	0.01	0	0	1.1	0.01	4	0.75	10	660	35	0.05	7	0	0	0	0	0	0	0	0	0	1	105	52.5	2	20	70	120
70	5	POTA	Potato	1600	25	0.95	5.2	0.15	0.5	0.01	0.95	0.6	0.7	1	22	10	0.01	0	0.06	0.02	0.01	0.01	0	0	0.95	0.01	4	0.75	14.8	660	30	0.05	7	0	0	0	0	0	0	0	0	0	1	87.5	43.75	2	20	70	120
71	4	SPOT	Sweetpotato	1600	15	0.6	4	0.15	0.5	0.01	0.95	0.6	0.8	2	24	14	0.01	0	0.05	0.02	0.01	0	0	0	0.4	0.01	4	0.75	3	660	19	0.05	7	0	0	0	0	0	0	0	0	0	1	52.5	26.25	2	20	70	120
72	5	CRRT	Carrot	1600	30	1.12	3.5	0.15	0.5	0.01	0.95	0.6	0.3	1.2	24	7	0.01	0	0.06	0.01	0	0.01	0	0	0.9	0.01	4	0.75	10	660	35	0.05	7	0	0	0	0	0	0	0	0	0	1	105	52.5	2	20	70	120
73	5	ONIO	Onion	1600	30	1.25	1.5	0.15	0.5	0.01	0.95	0.6	0.5	0.6	19	7	0.02	0	0.04	0.03	0	0	0	0	0.95	0.01	4	0.75	10	660	35	0.05	7	0	0	0	0	0	0	0	0	0	1	210	105	2	20	70	120
74	4	SUNF	Sunflower	1600	46	0.3	3	0.15	0.5	0.01	0.95	0.62	2.5	2	25	6	0.05	0.01	0.05	0.02	0.01	0.01	0	0	0.18	0.01	4	0.75	32.3	660	59	0.05	7	0	0	0	0	0	0	0	0	0	1	805	402.5	2	20	70	120
75	4	CANP	Spring Canola-Polish	1600	34	0.23	3.5	0.15	0.45	0.02	0.95	0.5	0.9	0.9	21	5	0.04	0.01	0.04	0.02	0.01	0.01	0	0	0.01	0.01	4	0.75	10	660	39	0.05	7	0	0	0	0	0	0	0	0	0	1	476	238	2	20	70	120
76	4	CANA	Spring Canola-Argentine	1600	34	0.3	4.5	0.15	0.45	0.02	0.95	0.5	1.3	1.4	21	5	0.04	0.01	0.04	0.02	0.01	0.01	0	0	0.01	0.01	4	0.75	10	660	40	0.05	7	0	0	0	0	0	0	0	0	0	1	476	238	2	20	70	120
77	6	ASPR	Asparagus	1600	90	0.8	4.2	0.25	0.4	0.23	0.86	1	0.5	2	24	10	0.06	0.01	0.06	0.05	0.04	0.01	0	0	0.95	0.01	4	0.75	5	660	95	0.05	7	0	0	0	0	0	0	0	0	0	2	1890	945	2	20	70	120
78	5	BROC	Broccoli	1600	26	0.8	4.2	0.25	0.4	0.23	0.86	1	0.5	0.6	18	4	0.05	0.01	0.06	0.01	0.01	0.01	0	0	0.95	0.01	4	0.75	5	660	30	0.05	7	0	0	0	0	0	0	0	0	0	1	455	227.5	2	20	70	120
79	6	CABG	Cabbage	1600	19	0.8	3	0.25	0.4	0.23	0.86	1	0.5	0.6	18	1	0.03	0	0.06	0.01	0	0.01	0	0	0.95	0.01	4	0.75	5	660	25	0.05	7	0	0	0	0	0	0	0	0	0	1	199.5	99.75	2	20	70	120
80	5	CAUF	Cauliflower	1600	21	0.8	2.5	0.25	0.4	0.23	0.86	1	0.5	0.6	18	5	0.04	0.01	0.06	0.01	0	0.01	0	0	0.95	0.01	4	0.75	5	660	25	0.05	7	0	0	0	0	0	0	0	0	0	1	294	147	2	20	70	120
81	6	CELR	Celery	1600	27	0.8	2.5	0.25	0.4	0.23	0.86	1	0.5	0.6	22	4	0.02	0	0.06	0.02	0.01	0.01	0.01	0	0.95	0.01	4	0.75	5	660	30	0.05	7	0	0	0	0	0	0	0	0	0	1	189	94.5	2	20	70	120
82	5	LETT	Head Lettuce	1600	23	0.8	4.2	0.25	0.4	0.23	0.86	1	0.2	0.6	18	7	0.04	0	0.04	0.03	0.02	0.01	0	0	0.01	0	4	0.75	8	660	25	0.05	7	0	0	0	0	0	0	0	0	0	1	322	161	2	20	70	120
83	5	SPIN	Spinach	1600	30	0.95	4.2	0.1	0.9	0.05	0.95	0.95	0.5	0.6	24	4	0.05	0.01	0.06	0.04	0.03	0.01	0	0	0.95	0.01	4	0.75	5	660	35	0.05	7	0	0	0	0	0	0	0	0	0	1	525	262.5	2	20	70	120
84	1	GRBN	Green Beans	1600	25	0.1	1.5	0.1	0.8	0.05	0.95	0.9	0.6	1.2	19	10	0.03	0	0	0	0	0	0	0	0.1	0.01	4	0.75	5	660	34	0.05	7	0	0	0	0	0	0	0	0	0	1	262.5	131.25	2	20	70	120
85	4	CUCM	Cucumber	1600	30	0.27	1.5	0.15	0.5	0.05	0.95	0.6	0.5	1.2	32	16	0.02	0	0.07	0.01	0	0.01	0	0	0.25	0	4	0.75	8	660	39	0.05	7	0	0	0	0	0	0	0	0	0	1	210	105	2	20	70	120
86	4	EGGP	Eggplant	1600	30	0.59	3	0.15	0.5	0.05	0.95	0.6	0.5	1.2	26	15	0.02	0	0.07	0.03	0.01	0.01	0	0	0.25	0.01	4	0.75	8	660	39	0.05	7	0	0	0	0	0	0	0	0	0	1	210	105	2	20	70	120
87	4	CANT	Cantaloupe	1600	30	0.5	3	0.15	0.5	0.05	0.95	0.6	0.5	1.2	35	15	0.01	0	0.07	0.03	0.01	0.01	0	0	0.25	0.01	4	0.75	3	660	39	0.05	7	0	0	0	0	0	0	0	0	0	1	105	52.5	2	20	70	120
88	5	WIRA	Winter Rape	1550	20	0.45	5	0.15	0.5	0.01	0.95	0.75	1.1	1.4	21	2	0.033	0.01	0.07	0.06	0.025	0.02	0	0	0.25	0	4	0.75	3	660	39	0.05	7	0	0	0	0	0	0	0	0	0	1	270	145.2	5	80	140	200
89	6	AKGS	Ackergras	1600	35	0.9	7.2	0.1	0.5	0.5	0.99	0.99	0.9	0.8	21	2.5	0.02	0	0.06	0.02	0.01	0.01	0	0	0.9	0.01	4	0.75	10	660	36	0.05	7	0	0	0	0	0	0	0	0	0	1	245	122.5	2	20	70	120
90	4	PEPR	Bell Pepper	1600	30	0.6	5	0.15	0.5	0.05	0.95	0.6	0.5	1.2	27	18	0.02	0	0.06	0.04	0.03	0.01	0	0	0.25	0.01	4	0.75	8	660	39	0.05	7	0	0	0	0	0	0	0	0	0	1	210	105	2	20	70	120
91	6	STRW	Strawberry	1600	30	0.45	3	0.15	0.5	0.05	0.95	0.6	0.5	0.6	32	10	0.01	0	0.07	0.03	0.01	0.01	0	0	0.25	0.01	4	0.75	8	660	39	0.05	7	0	0	0	0	0	0	0	0	0	1	105	52.5	2	20	70	120
92	4	TOMA	Tomato	1600	30	0.33	3	0.15	0.5	0.05	0.95	0.95	0.5	2	22	10	0.02	0	0.07	0.03	0.03	0.01	0	0	0.15	0.01	4	0.75	8	660	39	0.05	7	0	0	0	0	0	0	0	0	0	1	210	105	2	20	70	120
93	7	APPL	Apple	1600	15	0.1	4	0.1	0.5	0.15	0.75	0.99	3.5	2	20	7	0	0	0.01	0	0	0	0	0	0.05	0.01	4	0.75	3	660	20	0.05	7	0	0	0	0	0	0	0	0	0	1	0	0	2	20	70	120
94	7	PINE	Pine	1600	15	0.76	5	0.15	0.25	0.7	0.99	0.99	10	3.5	30	0	0	0	0.01	0	0	0	0	0	0.6	0	4	0.75	8	660	16	0.05	7	0	0	0	0	0	0	0	0	0	1	0	0	2	20	70	120
95	7	OAK	Oak	1600	15	0.76	5	0.05	0.4	0.05	0.95	0.99	6	3.5	30	10	0	0	0.01	0	0	0	0	0	0.01	0	4	0.75	8	660	16	0.05	7	0	0	0	0	0	0	0	0	0	1	0	0	2	20	70	120
96	7	POPL	Poplar	1600	30	0.76	5	0.05	0.4	0.05	0.95	0.99	7.5	3.5	30	10	0	0	0.01	0	0	0	0	0	0.01	0	4	0.75	8	660	31	0.05	5	0	0	0	0	0	0	0	0	0	1	0	0	2	20	70	120
97	5	WBAR	Winter Barley	2100	30	0.7	2.1	0.15	0.8	0.01	0.95	0.81	0.9	1	15	0	0.02	0	0.04	0.02	0.011	0	0	0	0.01	0.01	4	0.75	8	660	18	0.05	7	0	0	0	0	0	0	0	0	0	1	170	106.5	2	20	70	120
98	1	URBA	Urban Areas	700	15	0.9	7.2	0.1	0.5	0.5	0.99	0.99	0.9	0.8	21	2.5	0.02	0	0.06	0.02	0.01	0.01	0	0	0.9	0.01	4	0.75	10	660	36	0.05	3	0	0	0	0	0	0	0	0	0	1	105	52.5	2	20	70	120
99	5	PHAC	Phacelia	1600	20	0.35	5	0.15	0.5	0.01	0.95	0.75	1.1	1.4	21	2	0.033	0.01	0.07	0.06	0.03	0.02	0	0	0.25	0	4	0.75	3	660	39	0.05	7	0	0	0	0	0	0	0	0	0	1	231	115.5	2	20	70	120
101	4	AGRL	Agricultural Land-Generic	1600	33.5	0.45	3	0.15	0.5	0.05	0.95	0.64	1	2	30	11	0.02	0	0.04	0.02	0.01	0.01	0	0	0.25	0.01	4	0.75	8.5	660	36	0.05	7	0	0	0	0	0	0	0	0	0	1	234.5	117.25	2	20	70	120
102	4	AGRR	Agricultural Land-Row Crops	1600	39	0.5	3	0.15	0.5	0.05	0.95	0.7	2.5	2	25	8	0.01	0	0.05	0.02	0.01	0	0	0	0.3	0.01	4	0.75	7.2	660	45	0.05	7	0	0	0	0	0	0	0	0	0	1	136.5	68.25	2	20	70	120
103	5	AGRC	Agricultural Land-Close-grown	1600	30	0.4	4	0.05	0.45	0.05	0.95	0.5	0.9	1.3	18	0	0.03	0	0.07	0.03	0.01	0.01	0	0	0.2	0.01	4	0.75	6	660	39	0.05	7	0	0	0	0	0	0	0	0	0	1	315	157.5	2	20	70	120
104	7	ORCD	Orchard	1600	15	0.1	4	0.1	0.5	0.15	0.75	0.99	3.5	2	20	7	0	0	0.01	0	0	0	0	0	0.05	0.01	4	0.75	3	660	20	0.05	6	0	0	0	0	0	0	0	0	0	1	0	0	2	20	70	120
105	6	HAY	Hay	1600	35	0.9	4	0.05	0.49	0.05	0.95	0.99	0.5	2	25	12	0.02	0	0.06	0.02	0.01	0.01	0	0	0.9	0.01	4	0.75	10	660	36	0.05	3	0	0	0	0	0	0	0	0	0	1	245	122.5	2	20	70	120
106	7	FRST	Forest-Mixed	1600	18	0.1	6	0.1	0.5	0.5	0.99	0.99	24	2	15	7	0.005	0	0.011	0.01	0.009	0	0	0	0.01	0	4	0.75	8	660	16	0.05	6	0	0	0	0	0	0	0	0	0	3	31.5	15.75	2	20	70	120
107	7	FRSD	Forest-Deciduous	1600	16	0.1	5.9	0.05	0.2	0.5	0.99	0.99	23	1.5	15	8	0.005	0	0.011	0.01	0.009	0	0	0	0.01	0	4	0.75	8	660	16	0.05	5	0	0	0	0	0	0	0	0	0	2	28	14	2	20	70	120
108	7	FRSE	Forest-Evergreen	1600	20	0.1	6.2	0.2	0.5	0.5	0.99	0.99	25	2.5	15	6	0.005	0	0.011	0.01	0.009	0	0	0	0.6	0	4	0.75	8	660	16	0.05	4	0	0	0	0	0	0	0	0	0	5	35	17.5	2	20	70	120
109	6	WETL	Wetlands-Mixed	1600	47	0.9	6	0.1	0.2	0.2	0.95	0.7	2.5	2.2	25	12	0.02	0	0.04	0.02	0	0	0	0	0.9	0.01	4	0.75	8.5	660	54	0.05	9	0	0	0	0	0	0	0	0	0	2	329	164.5	2	20	70	120
110	7	WETF	Wetlands-Forested	1600	15	0.76	5	0.05	0.4	0.05	0.95	0.99	6	3.5	30	10	0	0	0.01	0	0	0	0	0	0.01	0	4	0.75	8	660	16	0.05	9	0	0	0	0	0	0	0	0	0	2	0	0	2	20	70	120
111	6	WETN	Wetlands-Non-Forested	1600	47	0.9	6	0.1	0.2	0.2	0.95	0.7	2.5	2.2	25	12	0.02	0	0.04	0.02	0	0	0	0	0.9	0.01	4	0.75	8.5	660	54	0.05	9	0	0	0	0	0	0	0	0	0	2	329	164.5	2	20	70	120
112	5	PAST	Pasture	1200	30	0.01	4	0.1	0.5	0.5	0.99	0.99	0.9	0.8	21	2.5	0.013	0	0.015	0.014	0.013	0.01	0	0	0.9	0.01	4	0.75	10	660	36	0.05	3	0	0	0	0	0	0	0	0	0	1	300	150	2	20	70	120
113	6	SPAS	Summer Pasture	1600	35	0.9	4	0.05	0.49	0.05	0.95	0.99	0.5	2	25	12	0.02	0	0.06	0.02	0.01	0.01	0	0	0.9	0.01	4	0.75	10	660	36	0.05	3	0	0	0	0	0	0	0	0	0	1	245	122.5	2	20	70	120
114	6	WPAS	Winter Pasture	1600	30	0.9	4	0.15	0.5	0.01	0.95	0.8	1.5	2	15	0	0.02	0	0.06	0.02	0.01	0.01	0	0	0.9	0.01	4	0.75	8	660	39	0.05	3	0	0	0	0	0	0	0	0	0	1	210	105	2	20	70	120
115	6	RNGE	Range-Grasses	1600	34	0.9	2.5	0.05	0.25	0.1	0.7	0.35	1	2	25	12	0.02	0	0.02	0.01	0.01	0	0	0	0.9	0.01	4	0.75	10	660	39	0.05	3	0	0	0	0	0	0	0	0	0	2	238	119	2	20	70	120
116	7	RNGB	Range-Brush	1600	30	0.1	5	0.15	0.5	0.01	0.95	0.99	1	2	25	8	0.02	0	0.02	0.01	0.01	0	0	0	0.9	0.01	4	0.75	10	660	39	0.05	3	0	0	0	0	0	0	0	0	0	2	210	105	2	20	70	120
117	5	TRIT	Triticale	1600	30	0.45	3.3	0.15	0.8	0.01	0.95	0.81	0.9	1.5	18	0	0.03	0	0.07	0.03	0.01	0.01	0	0	0.2	0.01	4	0.75	6	660	39	0.05	7	0	0	0	0	0	0	0	0	0	1	315	157.5	2	20	70	120
118	6	WATR	Water	1600	0	0	1	0	0	1	1	1	0	0	0	0	0	0	0	0	0	0	0	0	0	0	0	0	0	0	0	0	11	0	0	0	0	0	0	0	0	0	1	0	0	2	20	70	120
119	4	CORN	Corn	1600	39	0.95	5	0.15	0.5	0.05	0.95	0.7	2.5	2	25	8	0.01	0	0.05	0.02	0.011	0	0	0	0.3	0.01	4	0.75	7.2	660	45	0.05	7	0	0	0	0	0	0	0	0	0	1	300	150	2	20	70	120
120	4	CSIL	Corn Silage	750	40	0.9	5	0.15	0.5	0.05	0.95	0.7	2	1.5	25	8	0.015	0	0.05	0.02	0.013	0	0	0	0.9	0.01	4	0.75	7.2	660	45	0.05	7	0	0	0	0	0	0	0	0	0	1	300	150	25	150	170	220
121	4	SCRN	Sweet Corn	1600	39	0.5	2.5	0.15	0.5	0.05	0.95	0.5	2.5	2	24	12	0.02	0	0.05	0.02	0.01	0	0	0	0.3	0.01	4	0.75	7.2	660	45	0.05	7	0	0	0	0	0	0	0	0	0	1	273	136.5	2	20	70	120
122	6	EGAM	Eastern Gamagrass	1600	21	0.9	2.5	0.05	0.25	0.18	0.9	0.4	1.7	2	25	12	0.02	0	0.02	0.01	0.01	0	0	0	0.9	0.01	4	0.75	10	660	58	0.05	7	0	0	0	0	0	0	0	0	0	2	147	73.5	2	20	70	120
123	4	GRSG	Grain Sorghum	1600	33.5	0.45	3	0.15	0.5	0.05	0.95	0.64	1	2	30	11	0.02	0	0.04	0.02	0.01	0.01	0	0	0.25	0.01	4	0.75	8.5	660	36	0.05	7	0	0	0	0	0	0	0	0	0	1	234.5	117.25	2	20	70	120
124	4	SGHY	Sorghum Hay	1600	33.5	0.9	4	0.15	0.5	0.05	0.95	0.64	1.5	2	30	11	0.02	0	0.04	0.02	0.01	0.01	0	0	0.9	0.01	4	0.75	8.5	660	36	0.05	7	0	0	0	0	0	0	0	0	0	1	234.5	117.25	2	20	70	120
125	6	JHGR	Johnsongrass	1600	35	0.9	2.5	0.15	0.57	0.05	0.95	0.5	1	2	30	11	0.02	0	0.04	0.02	0.01	0.01	0	0	0.9	0.01	4	0.75	8.5	660	36	0.05	3	0	0	0	0	0	0	0	0	0	2	245	122.5	2	20	70	120
126	6	SUGC	Sugarcane	1600	25	0.5	6	0.15	0.5	0.01	0.95	0.75	3	2	25	11	0	0	0.01	0	0	0.01	0	0	0.01	0.01	4	0.75	10	660	33	0.05	7	0	0	0	0	0	0	0	0	0	2	0	0	2	20	70	120
127	5	SWHT	Spring Wheat	1600	35	0.6	4	0.15	0.5	0.05	0.95	0.6	0.9	2	18	0	0.02	0	0.06	0.02	0.01	0.01	0	0	0.2	0.01	4	0.75	8	660	46	0.05	7	0	0	0	0	0	0	0	0	0	1	245	122.5	34	185	195	202
128	5	WWHT	Winter Wheat	2100	30	0.5	3.3	0.15	0.8	0.01	0.95	0.81	0.9	1.5	18	0	0.026	0	0.07	0.03	0.012	0.01	0	0	0.2	0.01	4	0.75	6	660	39	0.05	7	0	0	0	0	0	0	0	0	0	1	273	136.5	3	50	120	170
129	5	DWHT	Durum Wheat	1600	30	0.4	4	0.15	0.5	0.01	0.95	0.8	1	2	15	0	0.03	0.01	0.06	0.02	0.015	0.01	0	0	0.2	0.01	4	0.75	7	660	45	0.05	7	0	0	0	0	0	0	0	0	0	1	315	157.5	2	20	70	120
130	5	RYE	Rye	1600	35	0.4	4	0.15	0.5	0.01	0.95	0.8	1	1.8	12.5	0	0.03	0	0.06	0.02	0.01	0.01	0	0	0.2	0.01	4	0.75	7	660	45	0.05	7	0	0	0	0	0	0	0	0	0	1	367.5	183.75	2	20	70	120
131	5	BARL	Spring Barley	1300	30	0.6	2.1	0.15	0.5	0.01	0.95	0.8	0.9	1	25	0	0.02	0	0.06	0.02	0.01	0.01	0	0	0.2	0.01	4	0.75	7	660	45	0.05	7	0	0	0	0	0	0	0	0	0	1	165	82.5	2	45	80	95
132	5	OATS	Oats	1600	30	0.5	3.5	0.15	0.5	0.01	0.95	0.8	0.9	1	15	0	0.03	0.01	0.06	0.02	0.01	0.01	0	0	0.18	0.01	4	0.75	10	660	45	0.05	7	0	0	0	0	0	0	0	0	0	1	315	157.5	2	20	70	120
133	5	WIRY	Winter Rye	1600	35	0.45	6	0.15	0.8	0.01	0.95	0.81	1	1.2	12.5	0	0.01	0	0.05	0.02	0.01	0.01	0	0	0.25	0.01	4	0.75	5	660	31	0.05	7	0	0	0	0	0	0	0	0	0	1	122.5	61.25	2	20	70	120
134	4	PMIL	Pearl Millet(Hirse)	1600	35	0.25	2.5	0.15	0.5	0.01	0.95	0.85	3	2	30	10	0.02	0	0.04	0.03	0.01	0.01	0	0	0.1	0.01	4	0.75	8	660	40	0.05	3	0	0	0	0	0	0	0	0	0	1	245	122.5	2	20	70	120
135	6	TIMO	Timothy	1600	35	0.9	4	0.15	0.5	0.01	0.95	0.85	0.8	2	25	8	0.02	0	0.03	0.01	0.01	0	0	0	0.9	0.01	4	0.75	8	660	45	0.05	3	0	0	0	0	0	0	0	0	0	2	245	122.5	2	20	70	120
136	6	BROS	Smooth Bromegrass	1600	35	0.9	5	0.15	0.5	0.01	0.95	0.85	1.2	2	25	8	0.02	0	0.04	0.02	0.02	0	0	0	0.9	0	4	0.75	8	660	45	0.05	3	0	0	0	0	0	0	0	0	0	2	245	122.5	2	20	70	120
137	6	BROM	Meadow Bromegrass	1600	35	0.9	3	0.45	0.8	0.02	0.95	0.85	0.8	1.3	25	6	0.02	0	0.04	0.02	0.02	0	0	0	0.9	0.01	4	0.75	8	660	45	0.05	3	0	0	0	0	0	0	0	0	0	2	245	122.5	2	20	70	120
138	6	FESC	Tall Fescue	1600	30	0.9	4	0.15	0.5	0.01	0.95	0.8	1.5	2	15	0	0.02	0	0.06	0.02	0.01	0.01	0	0	0.9	0.01	4	0.75	8	660	39	0.05	3	0	0	0	0	0	0	0	0	0	2	210	105	2	20	70	120
139	6	BLUG	Kentucky Bluegrass	1600	18	0.9	2	0.05	0.3	0.05	0.7	0.35	0.2	1.4	25	12	0.02	0	0.02	0.01	0.01	0	0	0	0.9	0.01	4	0.75	10	660	31	0.05	3	0	0	0	0	0	0	0	0	0	2	126	63	2	20	70	120
140	6	BERM	Bermudagrass	1600	35	0.9	4	0.05	0.49	0.05	0.95	0.99	0.5	2	25	12	0.02	0	0.06	0.02	0.01	0.01	0	0	0.9	0.01	4	0.75	10	660	36	0.05	3	0	0	0	0	0	0	0	0	0	2	245	122.5	2	20	70	120
141	6	CWGR	Crested Wheatgrass	1600	35	0.9	4	0.35	0.62	0.02	0.95	0.85	0.9	1.3	25	6	0.05	0	0.03	0.02	0.01	0	0	0	0.9	0.01	4	0.75	8	660	38	0.05	3	0	0	0	0	0	0	0	0	0	2	612.5	306.25	2	20	70	120
142	6	WWGR	Western Wheatgrass	1600	35	0.9	4	0.5	0.89	0.02	0.95	0.85	0.6	1.3	25	6	0.05	0	0.03	0.02	0.01	0	0	0	0.9	0.01	4	0.75	8	660	45	0.05	3	0	0	0	0	0	0	0	0	0	2	612.5	306.25	2	20	70	120
143	6	SWGR	Slender Wheatgrass	1600	35	0.9	4	0.15	0.5	0.01	0.95	0.85	0.7	2	25	8	0.05	0	0.03	0.02	0.01	0	0	0	0.9	0.01	4	0.75	8	660	45	0.05	3	0	0	0	0	0	0	0	0	0	2	612.5	306.25	2	20	70	120
144	5	RYEG	Italian (Annual) Ryegrass	1600	30	0.9	4	0.2	0.45	0.32	0.95	0.5	0.8	1.3	18	0	0.02	0	0.07	0.03	0.01	0.01	0	0	0.9	0.01	4	0.75	6	660	39	0.05	3	0	0	0	0	0	0	0	0	0	1	210	105	2	20	70	120
145	6	RYER	Russian Wildrye	1600	30	0.9	3	0.35	0.62	0.02	0.95	0.8	1	1.3	15	0	0.02	0	0.02	0.02	0.01	0	0	0	0.9	0.01	4	0.75	8	660	39	0.05	3	0	0	0	0	0	0	0	0	0	2	210	105	2	20	70	120
146	6	RYEA	Altai Wildrye	1600	30	0.9	3	0.35	0.62	0.02	0.95	0.8	1.1	1.3	15	0	0.02	0	0.02	0.02	0.01	0	0	0	0.9	0.01	4	0.75	8	660	46	0.05	3	0	0	0	0	0	0	0	0	0	2	210	105	2	20	70	120
147	6	SIDE	Sideoats Grama	1600	11	0.9	1.7	0.05	0.3	0.05	0.7	0.35	0.4	1.4	25	12	0.02	0	0.02	0.01	0.01	0	0	0	0.9	0.01	4	0.75	10	660	21	0.05	3	0	0	0	0	0	0	0	0	0	2	77	38.5	2	20	70	120
148	6	BBLS	Big Bluestem	1600	14	0.9	3	0.05	0.25	0.1	0.7	0.35	1	2	25	12	0.02	0	0.02	0.01	0.01	0	0	0	0.9	0.01	4	0.75	10	660	39	0.05	3	0	0	0	0	0	0	0	0	0	2	98	49	2	20	70	120
149	6	LBLS	Little Bluestem	1600	34	0.9	2.5	0.05	0.25	0.1	0.7	0.35	1	2	25	12	0.02	0	0.02	0.01	0.01	0	0	0	0.9	0.01	4	0.75	10	660	39	0.05	3	0	0	0	0	0	0	0	0	0	2	238	119	2	20	70	120
150	6	SWCH	Alamo Switchgrass	1600	47	0.9	6	0.1	0.2	0.2	0.95	0.7	2.5	2.2	25	12	0.02	0	0.04	0.02	0	0	0	0	0.9	0.01	4	0.75	8.5	660	54	0.05	3	0	0	0	0	0	0	0	0	0	2	329	164.5	2	20	70	120
151	6	INDN	Indiangrass	1600	34	0.9	3	0.05	0.25	0.1	0.7	0.35	1	2	25	12	0.02	0	0.02	0.01	0.01	0	0	0	0.9	0.01	4	0.75	10	660	39	0.05	3	0	0	0	0	0	0	0	0	0	2	238	119	2	20	70	120
152	6	ALFA	Alfalfa	1600	20	0.9	5.5	0.15	0.5	0.01	0.95	0.9	0.9	0.8	15	1	0.03	0	0.04	0.03	0.02	0	0	0	0.9	0.01	4	0.75	10	660	35	0.05	7	0	0	0	0	0	0	0	0	0	2	210	105	2	20	70	120
153	4	SUBE	Sugar Beet	1600	30	0.9	4	0.15	0.5	0.01	0.95	0.75	1.2	0.9	18	4	0.07	0	0.07	0.03	0.02	0.01	0	0	0.9	0.01	4	0.75	10	660	30	0.05	7	0	0	0	0	0	0	0	0	0	1	735	367.5	2	20	70	120
154	2	CLVR	Red Clover	1600	25	0.9	4	0.15	0.5	0.01	0.95	0.75	0.75	1.5	15	1	0.07	0	0.07	0.03	0.02	0.01	0	0	0.9	0.01	4	0.75	10	660	30	0.05	7	0	0	0	0	0	0	0	0	0	1	612.5	306.25	2	20	70	120
155	3	CLVA	Alsike Clover	1600	25	0.9	4	0.15	0.5	0.01	0.95	0.75	0.9	2	15	1	0.06	0	0.06	0.03	0.02	0.01	0	0	0.9	0.01	4	0.75	10	660	30	0.05	7	0	0	0	0	0	0	0	0	0	1	525	262.5	2	20	70	120
156	1	SOYB	Soybean	1600	25	0.31	3	0.15	0.5	0.05	0.95	0.6	0.8	1.7	25	10	0.07	0.01	0.05	0.03	0.03	0.01	0	0	0.01	0.01	4	0.75	8	660	34	0.05	7	0	0	0	0	0	0	0	0	0	1	612.5	306.25	2	20	70	120
157	1	CWPS	Cowpeas	1600	35	0.42	4	0.15	0.5	0.01	0.95	0.8	1.2	2	28	14	0.04	0	0.06	0.02	0.01	0	0	0	0.05	0.01	4	0.75	8	660	39	0.05	7	0	0	0	0	0	0	0	0	0	1	490	245	2	20	70	120
158	1	MUNG	Mung Beans	1600	25	0.31	4	0.15	0.5	0.01	0.95	0.9	1.5	2	30	15	0.04	0	0.05	0.03	0.03	0.01	0	0	0.01	0.01	4	0.75	10	660	33	0.05	7	0	0	0	0	0	0	0	0	0	1	350	175	2	20	70	120
159	1	LIMA	Lima Beans	1600	25	0.3	2.5	0.1	0.8	0.05	0.95	0.9	0.6	2	26	18	0.04	0	0	0	0	0	0	0	0.22	0.01	4	0.75	5	660	34	0.05	7	0	0	0	0	0	0	0	0	0	1	350	175	2	20	70	120
160	1	LENT	Lentils	1600	20	0.61	4	0.15	0.5	0.02	0.95	0.9	0.55	1.2	20	3	0.05	0.01	0.04	0.02	0.01	0.01	0	0	0.01	0.01	4	0.75	10	660	33	0.05	7	0	0	0	0	0	0	0	0	0	1	350	175	2	20	70	120
161	6	KLGS	Kleegrass	1600	35	0.9	3.7	0.1	0.5	0.5	0.99	0.99	1	0.85	21	2.5	0.02	0	0.06	0.02	0.01	0.01	0	0	0.9	0.01	4	0.75	10	660	36	0.05	7	0	0	0	0	0	0	0	0	0	1	245	122.5	2	20	70	120
162	2	FPEA	Field Peas	1600	25	0.45	4	0.15	0.5	0.01	0.95	0.75	1.2	1.2	15	1	0.04	0	0.05	0.03	0.03	0	0	0	0.1	0.01	4	0.75	10	660	30	0.05	7	0	0	0	0	0	0	0	0	0	1	350	175	2	20	70	120
163	2	PEAS	Garden or Canning Peas	1600	25	0.3	2.5	0.1	0.8	0.05	0.95	0.6	0.6	1.2	14	5	0.04	0.01	0	0	0	0	0	0	0.22	0.01	4	0.75	5	660	34	0.05	7	0	0	0	0	0	0	0	0	0	1	350	175	2	20	70	120
164	6	SESB	Sesbania	1600	50	0.31	5	0.15	0.5	0.01	0.95	0.9	2	2	25	10	0.07	0.01	0.05	0.02	0.02	0.01	0	0	0.01	0.01	4	0.75	10	660	60	0.05	7	0	0	0	0	0	0	0	0	0	2	1225	612.5	2	20	70	120
165	5	FLAX	Flax	1600	25	0.54	2.5	0.15	0.5	0.02	0.95	0.9	1.2	1.5	22.5	5	0.04	0	0.05	0.03	0.03	0	0	0	0.4	0.01	4	0.75	10	660	33	0.05	7	0	0	0	0	0	0	0	0	0	1	350	175	2	20	70	120
166	4	COTS	Upland Cotton-harv w/ stripper	1600	15	0.5	4	0.15	0.5	0.01	0.95	0.95	1	2.5	30	15	0.01	0	0.06	0.02	0.02	0.01	0	0	0.4	0.01	4	0.75	3	660	19	0.05	7	0	0	0	0	0	0	0	0	0	1	52.5	26.25	2	20	70	120
167	4	COTP	Upland Cotton-harv w/ picker	1600	15	0.4	4	0.15	0.5	0.01	0.95	0.95	1	2.5	30	15	0.02	0	0.06	0.02	0.02	0.01	0	0	0.3	0.01	4	0.75	3	660	19	0.05	7	0	0	0	0	0	0	0	0	0	1	105	52.5	2	20	70	120
168	4	TOBC	Tobacco	1600	39	0.55	4.5	0.15	0.5	0.05	0.95	0.7	1.8	2	25	10	0.01	0	0.05	0.02	0.01	0	0	0	0.55	0.01	4	0.75	8	660	44	0.05	7	0	0	0	0	0	0	0	0	0	1	136.5	68.25	2	20	70	120
169	4	SGBT	Sugarbeet	1600	30	2	5	0.05	0.5	0.05	0.95	0.6	1.2	2	18	4	0.01	0	0.06	0.02	0.01	0.01	0	0	1.1	0.01	4	0.75	10	660	35	0.05	7	0	0	0	0	0	0	0	0	0	1	105	52.5	2	20	70	120
170	5	POTA	Potato	1600	25	0.95	5.2	0.15	0.5	0.01	0.95	0.6	0.7	1	22	10	0.01	0	0.06	0.02	0.01	0.01	0	0	0.95	0.01	4	0.75	14.8	660	30	0.05	7	0	0	0	0	0	0	0	0	0	1	87.5	43.75	2	20	70	120
171	4	SPOT	Sweetpotato	1600	15	0.6	4	0.15	0.5	0.01	0.95	0.6	0.8	2	24	14	0.01	0	0.05	0.02	0.01	0	0	0	0.4	0.01	4	0.75	3	660	19	0.05	7	0	0	0	0	0	0	0	0	0	1	52.5	26.25	2	20	70	120
172	5	CRRT	Carrot	1600	30	1.12	3.5	0.15	0.5	0.01	0.95	0.6	0.3	1.2	24	7	0.01	0	0.06	0.01	0	0.01	0	0	0.9	0.01	4	0.75	10	660	35	0.05	7	0	0	0	0	0	0	0	0	0	1	105	52.5	2	20	70	120
173	5	ONIO	Onion	1600	30	1.25	1.5	0.15	0.5	0.01	0.95	0.6	0.5	0.6	19	7	0.02	0	0.04	0.03	0	0	0	0	0.95	0.01	4	0.75	10	660	35	0.05	7	0	0	0	0	0	0	0	0	0	1	210	105	2	20	70	120
174	4	SUNF	Sunflower	1600	46	0.3	3	0.15	0.5	0.01	0.95	0.62	2.5	2	25	6	0.05	0.01	0.05	0.02	0.01	0.01	0	0	0.18	0.01	4	0.75	32.3	660	59	0.05	7	0	0	0	0	0	0	0	0	0	1	805	402.5	2	20	70	120
175	4	CANP	Spring Canola-Polish	1600	34	0.23	3.5	0.15	0.45	0.02	0.95	0.5	0.9	0.9	21	5	0.04	0.01	0.04	0.02	0.01	0.01	0	0	0.01	0.01	4	0.75	10	660	39	0.05	7	0	0	0	0	0	0	0	0	0	1	476	238	2	20	70	120
176	4	CANA	Spring Canola-Argentine	1600	34	0.3	4.5	0.15	0.45	0.02	0.95	0.5	1.3	1.4	21	5	0.04	0.01	0.04	0.02	0.01	0.01	0	0	0.01	0.01	4	0.75	10	660	40	0.05	7	0	0	0	0	0	0	0	0	0	1	476	238	2	20	70	120
177	6	ASPR	Asparagus	1600	90	0.8	4.2	0.25	0.4	0.23	0.86	1	0.5	2	24	10	0.06	0.01	0.06	0.05	0.04	0.01	0	0	0.95	0.01	4	0.75	5	660	95	0.05	7	0	0	0	0	0	0	0	0	0	2	1890	945	2	20	70	120
178	5	BROC	Broccoli	1600	26	0.8	4.2	0.25	0.4	0.23	0.86	1	0.5	0.6	18	4	0.05	0.01	0.06	0.01	0.01	0.01	0	0	0.95	0.01	4	0.75	5	660	30	0.05	7	0	0	0	0	0	0	0	0	0	1	455	227.5	2	20	70	120
179	6	CABG	Cabbage	1600	19	0.8	3	0.25	0.4	0.23	0.86	1	0.5	0.6	18	1	0.03	0	0.06	0.01	0	0.01	0	0	0.95	0.01	4	0.75	5	660	25	0.05	7	0	0	0	0	0	0	0	0	0	1	199.5	99.75	2	20	70	120
180	5	CAUF	Cauliflower	1600	21	0.8	2.5	0.25	0.4	0.23	0.86	1	0.5	0.6	18	5	0.04	0.01	0.06	0.01	0	0.01	0	0	0.95	0.01	4	0.75	5	660	25	0.05	7	0	0	0	0	0	0	0	0	0	1	294	147	2	20	70	120
181	6	CELR	Celery	1600	27	0.8	2.5	0.25	0.4	0.23	0.86	1	0.5	0.6	22	4	0.02	0	0.06	0.02	0.01	0.01	0.01	0	0.95	0.01	4	0.75	5	660	30	0.05	7	0	0	0	0	0	0	0	0	0	1	189	94.5	2	20	70	120
182	5	LETT	Head Lettuce	1600	23	0.8	4.2	0.25	0.4	0.23	0.86	1	0.2	0.6	18	7	0.04	0	0.04	0.03	0.02	0.01	0	0	0.01	0	4	0.75	8	660	25	0.05	7	0	0	0	0	0	0	0	0	0	1	322	161	2	20	70	120
183	5	SPIN	Spinach	1600	30	0.95	4.2	0.1	0.9	0.05	0.95	0.95	0.5	0.6	24	4	0.05	0.01	0.06	0.04	0.03	0.01	0	0	0.95	0.01	4	0.75	5	660	35	0.05	7	0	0	0	0	0	0	0	0	0	1	525	262.5	2	20	70	120
184	1	GRBN	Green Beans	1600	25	0.1	1.5	0.1	0.8	0.05	0.95	0.9	0.6	1.2	19	10	0.03	0	0	0	0	0	0	0	0.1	0.01	4	0.75	5	660	34	0.05	7	0	0	0	0	0	0	0	0	0	1	262.5	131.25	2	20	70	120
185	4	CUCM	Cucumber	1600	30	0.27	1.5	0.15	0.5	0.05	0.95	0.6	0.5	1.2	32	16	0.02	0	0.07	0.01	0	0.01	0	0	0.25	0	4	0.75	8	660	39	0.05	7	0	0	0	0	0	0	0	0	0	1	210	105	2	20	70	120
186	4	EGGP	Eggplant	1600	30	0.59	3	0.15	0.5	0.05	0.95	0.6	0.5	1.2	26	15	0.02	0	0.07	0.03	0.01	0.01	0	0	0.25	0.01	4	0.75	8	660	39	0.05	7	0	0	0	0	0	0	0	0	0	1	210	105	2	20	70	120
187	4	CANT	Cantaloupe	1600	30	0.5	3	0.15	0.5	0.05	0.95	0.6	0.5	1.2	35	15	0.01	0	0.07	0.03	0.01	0.01	0	0	0.25	0.01	4	0.75	3	660	39	0.05	7	0	0	0	0	0	0	0	0	0	1	105	52.5	2	20	70	120
188	5	WIRA	Winter Rape	1450	20	0.45	5	0.15	0.5	0.01	0.95	0.75	1.1	1.4	21	2	0.033	0.01	0.07	0.06	0.025	0.02	0	0	0.25	0	4	0.75	3	660	39	0.05	7	0	0	0	0	0	0	0	0	0	1	261	130.5	5	80	140	200
189	6	AKGS	Ackergras	1600	35	0.9	7.2	0.1	0.5	0.5	0.99	0.99	0.9	0.8	21	2.5	0.02	0	0.06	0.02	0.01	0.01	0	0	0.9	0.01	4	0.75	10	660	36	0.05	7	0	0	0	0	0	0	0	0	0	1	245	122.5	2	20	70	120
190	4	PEPR	Bell Pepper	1600	30	0.6	5	0.15	0.5	0.05	0.95	0.6	0.5	1.2	27	18	0.02	0	0.06	0.04	0.03	0.01	0	0	0.25	0.01	4	0.75	8	660	39	0.05	7	0	0	0	0	0	0	0	0	0	1	210	105	2	20	70	120
191	6	STRW	Strawberry	1600	30	0.45	3	0.15	0.5	0.05	0.95	0.6	0.5	0.6	32	10	0.01	0	0.07	0.03	0.01	0.01	0	0	0.25	0.01	4	0.75	8	660	39	0.05	7	0	0	0	0	0	0	0	0	0	1	105	52.5	2	20	70	120
192	4	TOMA	Tomato	1600	30	0.33	3	0.15	0.5	0.05	0.95	0.95	0.5	2	22	10	0.02	0	0.07	0.03	0.03	0.01	0	0	0.15	0.01	4	0.75	8	660	39	0.05	7	0	0	0	0	0	0	0	0	0	1	210	105	2	20	70	120
193	7	APPL	Apple	1600	15	0.1	4	0.1	0.5	0.15	0.75	0.99	3.5	2	20	7	0	0	0.01	0	0	0	0	0	0.05	0.01	4	0.75	3	660	20	0.05	7	0	0	0	0	0	0	0	0	0	1	0	0	2	20	70	120
194	7	PINE	Pine	1600	15	0.76	5	0.15	0.25	0.7	0.99	0.99	10	3.5	30	0	0	0	0.01	0	0	0	0	0	0.6	0	4	0.75	8	660	16	0.05	7	0	0	0	0	0	0	0	0	0	1	0	0	2	20	70	120
195	7	OAK	Oak	1600	15	0.76	5	0.05	0.4	0.05	0.95	0.99	6	3.5	30	10	0	0	0.01	0	0	0	0	0	0.01	0	4	0.75	8	660	16	0.05	7	0	0	0	0	0	0	0	0	0	1	0	0	2	20	70	120
196	7	POPL	Poplar	1600	30	0.76	5	0.05	0.4	0.05	0.95	0.99	7.5	3.5	30	10	0	0	0.01	0	0	0	0	0	0.01	0	4	0.75	8	660	31	0.05	5	0	0	0	0	0	0	0	0	0	1	0	0	2	20	70	120
197	5	WBAR	Winter Barley	2000	30	0.7	2.1	0.15	0.8	0.01	0.95	0.81	0.9	1	15	0	0.02	0	0.04	0.02	0.011	0	0	0	0.01	0.01	4	0.75	8	660	18	0.05	7	0	0	0	0	0	0	0	0	0	1	273	136.5	2	20	70	120
198	1	URBA	Urban Areas	700	15	0.9	7.2	0.1	0.5	0.5	0.99	0.99	0.9	0.8	21	2.5	0.02	0	0.06	0.02	0.01	0.01	0	0	0.9	0.01	4	0.75	10	660	36	0.05	3	0	0	0	0	0	0	0	0	0	1	105	52.5	2	20	70	120
199	5	PHAC	Phacelia	1600	20	0.35	5	0.15	0.5	0.01	0.95	0.75	1.1	1.4	21	2	0.033	0.01	0.07	0.06	0.03	0.02	0	0	0.25	0	4	0.75	3	660	39	0.05	7	0	0	0	0	0	0	0	0	0	1	231	115.5	2	20	70	120
220	8	CSIL	Corn Silage (undersown)	800	40	0.8	8	0.15	0.5	0.05	0.95	0.7	2	1.5	25	5	0.015	0	0.05	0.02	0.013	0	0	0	0.9	0.01	4	0.75	7.2	660	45	0.05	7	0	0	0	0	0	0	0	0	0	1	270	165	25	140	170	215
#end of file crop.par																																																	
