#hgeo.par					
GID	RG1_max	RG2_max	RG1_k	RG2_k	RG1_active	Kf_geo
1	0	0	0	0	0	0
-9999	-9999	-9999	-9999	-9999	1	-9999
n/a	mm	mm	d	d	n/a	cm/d
1	90	2200	8	130	1	86.4
2	90	2200	8	130	1	1
3	90	2200	8	180	1	1
4	90	2200	8	460	1	1
5	90	2200	8	200	1	86.4
6	90	2200	8	400	1	1
7	90	2200	8	400	1	86.4
8	90	2200	8	800	1	8.64
9	90	2200	8	800	1	0.864
10	90	2200	8	800	1	86.4
11	90	2200	8	380	1	86.4
12	90	2200	8	130	1	86.4
13	90	2200	8	120	1	86.4
14	90	2200	8	180	1	86.4
15	90	2200	8	200	1	86.4
16	90	2200	8	400	1	86.4
17	90	2200	8	400	1	86.4
18	90	2200	8	800	1	86.4
19	90	2200	8	800	1	86.4
#end of hydrogeo.par