# hru_rot.par created 07-03-2008 Gelberg		
ID	RID	REDU
1	25	1
2	21	1
3	24	1
4	24	1
5	22	1
6	21	1
7	25	1
8	20	1
9	26	1
10	21	1
11	22	1
12	24	1
13	22	1
14	23	1
15	25	1
16	22	1
17	23	1
18	20	1
19	25	1
20	25	1
21	21	1
22	23	1
23	22	1
24	22	1
25	20	1
26	22	1
27	26	1
28	25	1
29	21	1
30	24	1
31	22	1
32	22	1
33	25	1
34	26	1
35	21	1
36	24	1
37	26	1
38	21	1
39	23	1
40	22	1
41	23	1
42	26	1
43	24	1
44	22	1
45	22	1
46	23	1
47	24	1
48	26	1
49	22	1
50	23	1
51	21	1
52	21	1
53	24	1
54	23	1
55	26	1
56	23	1
57	26	1
58	21	1
59	22	1
60	23	1
61	21	1
62	22	1
63	25	1
64	24	1
65	3	1
66	22	1
67	24	1
68	23	1
69	24	1
70	23	1
71	3	1
72	24	1
73	22	1
74	24	1
75	26	1
76	21	1
77	25	1
78	20	1
79	23	1
80	23	1
81	3	1
82	20	1
83	22	1
84	26	1
85	21	1
86	23	1
87	25	1
88	25	1
89	20	1
90	26	1
91	24	1
92	25	1
93	24	1
94	24	1
95	24	1
96	24	1
97	22	1
98	25	1
99	24	1
100	22	1
101	25	1
102	22	1
103	22	1
104	24	1
105	22	1
106	26	1
107	25	1
108	21	1
109	23	1
110	22	1
111	24	1
112	23	1
113	20	1
114	25	1
115	23	1
116	3	1
117	3	1
118	3	1
119	25	1
120	21	1
121	22	1
122	24	1
123	21	1
124	22	1
125	20	1
126	26	1
127	22	1
128	20	1
129	25	1
130	23	1
131	3	1
132	25	1
133	20	1
134	23	1
135	23	1
136	25	1
137	23	1
138	22	1
139	24	1
140	3	1
141	25	1
142	25	1
143	26	1
144	3	1
145	3	1
146	3	1
147	23	1
148	24	1
149	21	1
150	24	1
151	21	1
152	21	1
153	21	1
154	23	1
155	23	1
156	24	1
157	25	1
158	22	1
159	22	1
160	3	1
161	26	1
162	24	1
163	21	1
164	3	1
165	3	1
166	3	1
167	3	1
168	3	1
169	24	1
170	22	1
171	3	1
172	24	1
173	22	1
174	22	1
175	21	1
176	3	1
177	3	1
178	20	1
179	26	1
180	3	1
181	3	1
182	3	1
183	20	1
184	20	1
185	25	1
186	24	1
187	25	1
188	3	1
189	22	1
190	25	1
191	24	1
192	21	1
193	23	1
194	20	1
195	24	1
196	21	1
197	3	1
198	24	1
199	25	1
200	24	1
201	22	1
202	23	1
203	23	1
204	24	1
205	25	1
206	26	1
207	3	1
208	22	1
209	24	1
210	21	1
211	22	1
212	26	1
213	24	1
214	22	1
215	25	1
216	25	1
217	3	1
218	3	1
219	3	1
220	3	1
221	3	1
222	24	1
223	22	1
224	24	1
225	25	1
226	26	1
227	23	1
228	3	1
229	3	1
230	3	1
231	21	1
232	24	1
233	24	1
234	23	1
235	3	1
236	3	1
237	23	1
238	24	1
239	20	1
240	21	1
241	24	1
242	21	1
243	21	1
244	24	1
245	20	1
246	22	1
247	22	1
248	22	1
249	24	1
250	20	1
251	24	1
252	3	1
253	21	1
254	23	1
255	22	1
256	23	1
257	22	1
258	23	1
259	24	1
260	22	1
261	23	1
262	20	1
263	20	1
264	24	1
265	25	1
266	26	1
267	26	1
268	23	1
269	23	1
270	24	1
271	24	1
272	22	1
273	24	1
274	24	1
275	21	1
276	21	1
277	21	1
278	22	1
279	26	1
280	25	1
281	25	1
282	21	1
283	25	1
284	24	1
285	20	1
286	21	1
287	24	1
288	24	1
289	25	1
290	24	1
291	23	1
292	25	1
293	22	1
294	23	1
295	22	1
296	24	1
297	24	1
298	23	1
299	23	1
300	23	1
301	26	1
302	25	1
303	22	1
304	22	1
305	22	1
306	25	1
307	22	1
308	24	1
309	24	1
310	20	1
311	26	1
312	23	1
313	21	1
314	21	1
315	22	1
316	25	1
317	22	1
318	24	1
319	20	1
320	23	1
321	21	1
322	22	1
323	24	1
324	21	1
325	26	1
326	21	1
327	22	1
328	23	1
329	22	1
330	25	1
331	26	1
332	25	1
333	22	1
334	23	1
335	22	1
336	23	1
337	24	1
338	25	1
339	26	1
340	24	1
341	25	1
342	23	1
343	24	1
344	26	1
345	23	1
346	21	1
347	22	1
348	23	1
349	25	1
350	25	1
351	26	1
352	25	1
353	20	1
354	21	1
355	22	1
356	23	1
357	25	1
358	24	1
359	22	1
360	23	1
361	24	1
362	22	1
363	24	1
364	24	1
365	25	1
366	25	1
367	26	1
368	23	1
369	21	1
370	25	1
371	25	1
372	21	1
373	25	1
374	23	1
375	24	1
376	21	1
377	23	1
378	22	1
379	21	1
380	21	1
381	24	1
382	21	1
383	21	1
384	26	1
385	22	1
386	21	1
387	25	1
388	20	1
389	23	1
390	21	1
391	21	1
392	20	1
393	22	1
394	26	1
395	23	1
396	24	1
397	24	1
398	23	1
399	21	1
400	21	1
401	25	1
402	21	1
403	21	1
404	23	1
405	22	1
406	25	1
407	25	1
408	20	1
409	22	1
410	25	1
411	21	1
412	23	1
413	25	1
414	24	1
415	23	1
416	22	1
417	23	1
418	25	1
419	22	1
420	23	1
421	23	1
422	24	1
423	24	1
424	26	1
425	24	1
426	20	1
427	25	1
428	23	1
429	25	1
430	26	1
431	26	1
432	25	1
433	20	1
434	23	1
435	26	1
436	24	1
437	20	1
438	23	1
439	20	1
440	25	1
441	24	1
442	22	1
443	21	1
444	25	1
445	21	1
446	23	1
447	23	1
448	23	1
449	20	1
450	25	1
451	25	1
452	21	1
453	21	1
454	23	1
455	22	1
456	23	1
457	22	1
458	22	1
459	23	1
460	22	1
461	22	1
462	23	1
463	25	1
464	20	1
465	21	1
466	25	1
467	22	1
468	23	1
469	25	1
470	23	1
471	24	1
472	25	1
473	22	1
474	26	1
475	24	1
476	23	1
477	25	1
478	23	1
479	25	1
480	21	1
481	22	1
482	21	1
483	23	1
484	25	1
485	23	1
486	25	1
487	23	1
488	20	1
489	25	1
490	23	1
491	22	1
492	25	1
493	23	1
494	21	1
495	23	1
496	24	1
497	24	1
498	23	1
499	25	1
500	24	1
501	20	1
502	21	1
503	24	1
504	23	1
505	21	1
506	23	1
507	20	1
508	20	1
509	23	1
510	24	1
511	24	1
512	24	1
513	24	1
514	21	1
515	21	1
516	21	1
517	23	1
518	25	1
519	20	1
520	22	1
521	25	1
522	24	1
523	25	1
524	21	1
525	21	1
526	23	1
527	25	1
528	24	1
529	21	1
530	22	1
531	22	1
532	22	1
533	24	1
534	24	1
535	20	1
536	25	1
537	25	1
538	22	1
539	25	1
540	26	1
541	20	1
542	26	1
543	24	1
544	22	1
545	20	1
546	25	1
547	23	1
548	24	1
549	21	1
550	24	1
551	21	1
552	23	1
553	25	1
554	22	1
555	25	1
556	22	1
557	25	1
558	23	1
559	22	1
560	22	1
561	24	1
562	22	1
563	25	1
564	26	1
565	22	1
566	20	1
567	20	1
568	23	1
569	25	1
570	22	1
571	21	1
572	26	1
573	24	1
574	24	1
575	22	1
576	20	1
577	23	1
578	22	1
579	21	1
580	21	1
581	23	1
582	20	1
583	25	1
584	22	1
585	25	1
586	26	1
587	24	1
588	21	1
589	22	1
590	24	1
591	23	1
592	23	1
593	25	1
594	25	1
595	20	1
596	24	1
597	24	1
598	24	1
599	23	1
600	21	1
601	21	1
602	23	1
603	25	1
604	23	1
605	25	1
606	20	1
607	25	1
608	23	1
609	23	1
610	23	1
611	21	1
612	22	1
613	25	1
614	24	1
# end of File hru_rot_acker.par