# hru.par created 20-08-2004 Wilde Gera													
ID	x	y	elevation	area	type	to_poly	to_reach	slope	aspect	flowlength	soilID	landuseID	hgeoID
0	0	0	0	0	0	0	0	0	0	0	0	0	0
9999	9999999	9999999	10000	9999999999	3	9999	9999	90	360	999999	9999	9999	9999
n/a	m	m	m	m2	n/a	n/a	n/a	deg	deg	m	n/a	n/a	n/a
1	4410837.5	5618318.5	813.187	36250	2	2	0	5.253	184	166.38	11	4	1
2	4411025	5618157.5	782.641	140000	2	17	0	11.254	161	214.188	21	4	1
3	4411175	5618256	791.252	10625	2	2	0	5.644	142	49.6	11	4	1
4	4410400	5618060.5	827.271	75625	2	8	0	6.388	83	217.26	22	4	1
5	4411437.5	5618170	775.661	7500	2	6	0	5.365	157	40.594	22	4	1
6	4411400	5618123.5	763.028	23125	2	13	0	13.023	193	72.489	22	4	1
7	4410700	5618106	795.625	4375	2	2	0	7.962	105	84.384	31	4	1
8	4410662.5	5617960.5	810.314	51250	3	0	100	9.857	91	251.246	31	4	1
9	4411637.5	5618081	756.684	10625	2	12	0	5.992	120	67.917	22	4	1
10	4410737.5	5618034.5	782.585	11250	3	0	100	9.704	96	100.732	31	4	1
11	4411550	5618031	756.333	8125	2	20	0	10.485	171	55.769	22	4	1
12	4411775	5617997	743.418	25625	2	20	0	5.632	181	77.334	22	4	1
13	4411362.5	5617976.5	727.122	30000	3	0	100	16.167	206	186.191	31	4	1
14	4412037.5	5617972	742.275	33125	2	28	0	5.505	182	72.041	22	4	1
15	4410137.5	5617973.5	852.75	10625	2	4	0	4.967	96	47.268	22	4	1
16	4410412.5	5618006	824.926	13750	2	4	0	7.23	142	105.434	31	4	1
17	4411187.5	5618006	740.26	13125	3	0	100	13.492	156	98.62	21	4	1
18	4412075	5618039	746.67	2500	2	14	0	2.179	232	35.355	22	4	1
19	4412150	5618028	750.445	1875	2	14	0	3.287	226	35.355	22	4	1
20	4411662.5	5617817	705.804	131250	3	0	100	13.391	191	407.96	22	4	1
21	4412225	5618003	755.487	4375	2	14	0	5.93	241	45.457	22	4	1
22	4412312.5	5617992	762.954	3125	2	29	0	4.952	252	40.355	11	4	1
23	4410100	5617989	856.63	1250	2	15	0	1.941	79	37.5	11	4	1
24	4410937.5	5617965.5	759.262	7500	3	0	100	6.615	53	125.148	21	4	1
25	4410037.5	5617872	859.356	8750	2	31	0	1.775	65	59.055	11	4	1
26	4411075	5617803	775.359	39375	3	0	100	13.293	43	73.772	22	4	1
27	4411087.5	5617953	737.896	6250	3	0	100	7.015	55	125.962	21	4	1
28	4412200	5617788.5	712.607	165000	2	63	0	19.115	183	135.582	22	4	1
29	4412312.5	5617909.5	755.124	8125	2	28	0	13.055	212	38.075	22	4	1
30	4412362.5	5617964	765.373	1875	2	35	0	3.043	212	35.355	11	4	1
31	4410125	5617864	856.1	8750	2	15	0	3.924	96	62.754	21	4	1
32	4411037.5	5617895	757.746	16875	3	0	100	15.447	32	104.071	21	4	1
33	4411250	5617928	722.712	1875	3	0	100	9.952	52	33.333	21	4	1
34	4411350	5617873.5	710.17	13125	3	0	100	15.692	61	103.755	31	4	1
35	4412400	5617906	763.622	10625	2	29	0	6.357	217	45.145	11	4	1
36	4410275	5617870	845.146	11875	2	37	0	7.114	31	71.707	31	4	1
37	4410350	5617892	834.574	5625	2	4	0	9.676	33	53.847	31	4	1
38	4410700	5617815.5	808.257	74375	2	8	0	11.274	17	191.253	31	4	1
39	4411212.5	5617870	739.812	15625	2	33	0	13.652	30	78.154	21	4	1
40	4411412.5	5617642	729.338	53125	2	46	0	15.898	62	86.198	11	4	1
41	4412500	5617842	760.953	4375	2	28	0	10.637	178	47.295	22	4	1
42	4410212.5	5617751.5	859.147	45000	2	36	0	5.372	23	112.505	11	4	1
43	4410350	5617798.5	844.435	3125	2	8	0	7.791	46	49.497	22	4	1
44	4412587.5	5617806	758.858	7500	2	28	0	8.468	193	66.039	22	4	1
45	4410050	5617770	861.093	5625	2	31	0	1.972	33	72.14	11	4	1
46	4411500	5617704.5	689.132	12500	2	20	0	13.982	46	150.104	31	4	1
47	4413950	5617790.5	695.151	11250	2	53	0	4.779	202	40.237	11	4	1
48	4412675	5617734.5	760.744	9375	2	59	0	10.124	234	54.212	11	4	1
49	4413775	5617745	695.06	8750	2	61	0	4.42	54	70.584	22	4	1
50	4410787.5	5617740.5	813.61	9375	2	38	0	7.475	28	49.497	11	4	1
51	4411237.5	5617698.5	766.505	17500	2	40	0	13.65	46	61.962	22	4	1
52	4413862.5	5617753	692.065	3125	2	53	0	6.21	145	44.142	22	4	1
53	4414012.5	5617698.5	674.076	43125	2	71	0	13.284	160	100.013	22	4	1
54	4410400	5617681	852.946	5000	2	56	0	9.747	32	35.355	11	4	1
55	4413662.5	5617647	703.742	16250	2	70	0	4.85	71	65.465	22	4	1
56	4410525	5617692	840.891	13125	2	38	0	9.783	25	56.46	11	4	1
57	4410800	5617711	813.184	14375	2	50	0	6.799	43	46.116	11	4	1
58	4411187.5	5617637.5	780.177	26875	2	51	0	10.884	49	70.339	22	4	1
59	4412625	5617703	743.867	2500	2	28	0	22.636	217	44.194	11	4	1
60	4412725	5617659.5	760.351	6250	2	69	0	12.995	235	49.497	11	4	1
61	4413850	5617673.5	685.067	3125	2	53	0	11.119	114	56.569	22	4	1
62	4410900	5617645	818.081	26250	2	57	0	6.023	48	56.256	11	4	1
63	4412212.5	5617676.5	658.95	35000	2	79	0	20.053	169	64.317	64	4	1
64	4413125	5617614	763.489	30000	2	112	0	4.043	143	50.786	11	4	1
65	4414162.5	5617667	655.082	3125	2	71	0	12.344	148	42.426	22	5	1
66	4410325	5617587.5	868.06	44375	2	42	0	5.132	24	89.629	11	4	1
67	4411087.5	5617606	796.643	7500	2	58	0	8.063	92	68.035	22	4	1
68	4411675	5617664	668.818	2500	3	0	100	5.262	47	62.5	31	4	1
69	4412675	5617642	741.469	3125	2	80	0	25.456	237	35.355	22	4	1
70	4413800	5617609.5	684.77	17500	2	116	0	13.449	125	78.287	22	4	1
71	4414062.5	5617510.5	618.04	80000	2	182	0	15.781	138	167.889	22	5	1
72	4410487.5	5617606	856.503	6875	2	73	0	9.813	32	44.998	11	4	1
73	4410525	5617628	848.661	1875	2	56	0	9.874	41	35.355	11	4	1
74	4410612.5	5617584.5	842.361	11875	2	75	0	11.204	58	76.145	11	4	1
75	4410787.5	5617606	822.814	25625	2	62	0	4.633	83	113.465	21	4	1
76	4411525	5617617	707.916	3125	2	77	0	20.893	43	35.355	11	4	1
77	4411675	5617606	679.737	14375	2	78	0	16.653	25	170.82	31	4	1
78	4411787.5	5617639	659.254	1875	3	0	100	5.995	66	60.355	31	4	1
79	4412250	5617639	646.29	6250	2	85	0	15.041	162	56.642	31	4	1
80	4412637.5	5617551.5	698.923	30625	2	111	0	26.72	236	98.129	22	4	1
81	4414087.5	5617615.5	652.676	3125	2	71	0	13.105	155	32.071	22	5	1
82	4410300	5617470	874.93	24375	2	66	0	1.295	39	76.317	11	4	1
83	4412025	5617603	650.056	1875	3	0	200	6.973	169	50	31	4	1
84	4412125	5617614	647.391	3750	3	0	200	4.502	96	93.393	31	4	1
85	4412312.5	5617592	635.15	7500	3	0	200	6.965	51	110.294	31	4	1
86	4412412.5	5617581	637.924	6875	2	85	0	17.376	202	70.778	31	4	1
87	4412775	5617590.5	760.145	1875	2	60	0	11.303	214	35.355	22	4	1
88	4413275	5617590.5	746.359	3125	2	113	0	11.508	137	38.284	11	4	1
89	4413300	5617614	745.658	1250	2	88	0	7.933	119	35.355	11	4	1
90	4413362.5	5617590.5	735.093	3125	2	113	0	8.958	113	49.497	22	4	1
91	4411325	5617548.5	755.932	3125	2	92	0	12.163	69	37.071	11	4	1
92	4411387.5	5617548.5	745.891	3750	2	40	0	11.068	67	51.726	11	4	1
93	4411625	5617578	696.497	4375	2	77	0	16.192	24	41.019	11	4	1
94	4411800	5617589	664.77	2500	2	20	0	11.671	50	56.694	31	4	1
95	4411987.5	5617589	648.411	1875	2	83	0	3.898	174	50	31	4	1
96	4412087.5	5617589	648.238	1875	3	0	200	4.446	2	60.355	31	4	1
97	4412275	5617556	640.584	11250	3	0	200	14.188	40	167.991	31	4	1
98	4413175	5617589	754.757	2500	2	113	0	10.704	152	32.767	22	4	1
99	4413537.5	5617556	714.621	14375	2	115	0	5.13	111	84.95	22	4	1
100	4413775	5617556	676.782	7500	2	131	0	15.278	140	61.872	22	4	1
101	4410562.5	5617531	855.529	5000	2	74	0	10.095	51	39.775	11	4	1
102	4411000	5617553	809.62	1875	2	103	0	6.251	82	33.333	11	4	1
103	4411162.5	5617509.5	785.97	26250	2	157	0	10.046	106	104.953	22	4	1
104	4411137.5	5617564	789.92	1875	2	103	0	8.121	104	43.689	22	4	1
105	4411725	5617564	683.263	1250	2	77	0	13.777	61	35.355	22	4	1
106	4411750	5617509.5	670.247	12500	2	137	0	16.745	120	66.694	22	4	1
107	4411900	5617564	648.411	1250	3	0	100	2.705	125	37.5	31	4	1
108	4411950	5617564	648.411	1250	3	0	100	0.098	0	37.5	31	4	1
109	4412200	5617498.5	669.064	31875	3	0	600	19.887	25	80.201	31	4	1
110	4412212.5	5617540.5	656.847	5625	2	97	0	20.46	3	37.936	31	4	1
111	4412500	5617498.5	639.006	12500	2	151	0	17.062	235	83.284	64	4	1
112	4412950	5617542	756.821	22500	2	129	0	13.969	178	46.388	22	4	1
113	4413262.5	5617531	732.367	24375	2	144	0	19.621	164	57.032	22	4	1
114	4413400	5617487.5	702.231	15625	2	144	0	17.412	183	87	22	4	1
115	4413662.5	5617509.5	691.776	18750	2	145	0	13.76	119	86.174	22	4	1
116	4413862.5	5617542	656.307	2500	2	117	0	18.971	126	35.355	22	5	1
117	4413887.5	5617454.5	620.789	26250	2	71	0	17.673	129	132.197	31	5	1
118	4414250	5617520	603.882	15000	2	140	0	19.371	132	67.764	22	5	1
119	4410500	5617473.5	867.624	23125	2	101	0	5.241	54	99.493	11	4	1
120	4410787.5	5617331	820.414	100000	2	190	0	13.046	82	340.978	21	4	1
121	4410800	5617536	820.364	6250	2	132	0	4.961	119	51.997	21	4	1
122	4410962.5	5617517	812.061	6875	2	133	0	4.722	108	70.711	11	4	1
123	4411650	5617539	700.046	1250	2	77	0	10.366	64	35.355	11	4	1
124	4411625	5617378	687.31	16250	2	137	0	18.629	126	67.484	21	4	1
125	4411850	5617517	648.751	2500	2	126	0	5.582	129	50	31	4	1
126	4411937.5	5617484.5	655.698	15000	3	0	600	14.977	331	133.642	31	4	1
127	4411950	5617528	648.492	3750	3	0	600	4.319	330	92.974	31	4	1
128	4412425	5617528	629.62	1875	2	138	0	5.401	214	56.904	31	4	1
129	4412950	5617451.5	708.603	67500	2	166	0	25.986	179	90.234	22	4	1
130	4413537.5	5617481	711.561	5625	2	144	0	7	141	45.118	22	4	1
131	4413825	5617515.5	660.383	1875	2	116	0	17.383	136	35.355	22	5	1
132	4410875	5617473.5	814.099	8750	2	156	0	5.259	138	56.478	11	4	1
133	4411025	5617492	802.216	2500	2	103	0	9.192	113	41.605	11	4	1
134	4411312.5	5617481	758.394	10000	2	135	0	10.336	101	63.48	11	4	1
135	4411400	5617481	744.815	4375	2	136	0	10.323	88	44.336	11	4	1
136	4411500	5617426.5	718.836	42500	2	124	0	12.377	92	114.765	11	4	1
137	4411762.5	5617426.5	662.151	13750	3	0	600	12.813	88	156.019	64	4	1
138	4412425	5617492	629.481	3125	3	0	200	5.448	51	77.426	31	4	1
139	4412812.5	5617514	746.825	1875	2	129	0	19.235	191	28.452	22	4	1
140	4414325	5617456	569.624	7500	3	0	800	18.025	129	70.772	64	5	1
141	4410612.5	5617324.5	856.87	26875	2	120	0	11.327	102	54.393	11	4	1
142	4410950	5617489	810.911	1250	2	147	0	6.14	135	35.355	11	4	1
143	4412450	5617412.5	637.593	13750	3	0	200	16.896	51	136.001	31	4	1
144	4413462.5	5617362.5	677.185	53750	2	177	0	23.744	197	80.468	22	5	1
145	4413712.5	5617414	666.186	11875	2	168	0	15.598	114	59.546	22	5	1
146	4413812.5	5617478	655.087	3125	2	117	0	16.231	125	42.426	31	5	1
147	4411012.5	5617431	798.136	5625	2	157	0	10.557	141	74.639	11	4	1
148	4411962.5	5617409.5	691.695	26875	3	0	600	20.542	334	84.265	11	4	1
149	4412200	5617365.5	710.603	43125	2	109	0	15.725	44	85.671	11	4	1
150	4412387.5	5617365.5	669.013	19375	2	143	0	24.021	50	57.025	31	4	1
151	4412500	5617442	629.172	2500	2	143	0	3.422	232	64.017	31	4	1
152	4412600	5617453	661.575	2500	2	111	0	25.557	228	35.355	31	4	1
153	4414387.5	5617464	558.016	625	3	0	800	4.013	110	0	31	4	1
154	4410412.5	5617381	874.565	7500	2	119	0	1.907	53	56.041	11	4	1
155	4410525	5617198	860.743	36875	2	141	0	5.297	112	65.718	11	4	1
156	4410937.5	5617384.5	795.896	21250	2	120	0	10.886	151	105.048	21	4	1
157	4411162.5	5617384.5	763.36	23125	2	184	0	13.387	143	116.956	21	4	1
158	4413550	5617439	702.699	1250	2	144	0	10.626	165	30.178	22	4	1
159	4413587.5	5617428	698.002	1250	2	167	0	12.559	140	35.355	22	4	1
160	4414250	5617415.5	578.912	1875	2	169	0	21.946	136	43.689	64	5	1
161	4414300	5617318.5	584.825	45000	3	0	800	16.918	318	271.955	31	4	1
162	4411112.5	5617414	781.226	1875	2	157	0	13.858	138	35.355	11	4	1
163	4411337.5	5617356	738.721	14375	2	184	0	12.318	141	144.919	21	4	1
164	4412625	5617403	653.857	1875	2	171	0	23.802	226	35.355	64	5	1
165	4412687.5	5617356	661.063	5000	2	180	0	23.539	224	38.48	64	5	1
166	4412875	5617339	664.824	20000	2	188	0	26.259	183	43.671	22	5	1
167	4413662.5	5617339	666.638	10625	2	181	0	20.731	151	60.964	22	5	1
168	4413812.5	5617356	634.179	6875	2	181	0	17.487	116	77.139	22	5	1
169	4414262.5	5617392	567.843	5000	3	0	800	10.28	122	91.069	64	4	1
170	4414437.5	5617370	589.707	6250	2	161	0	21.429	321	71.569	11	4	1
171	4412600	5617367	635.663	5625	2	176	0	13.641	227	93.886	64	5	1
172	4411050	5617323.5	772.528	4375	2	190	0	13.361	142	80.558	21	4	1
173	4411700	5617340.5	658.14	1875	3	0	700	6.698	80	40.237	64	4	1
174	4411800	5617298.5	696.253	12500	3	0	600	23.596	309	150.904	11	4	1
175	4411950	5617309.5	719.764	26875	2	148	0	21.892	0	81.75	11	4	1
176	4412575	5617254.5	634.031	15000	3	0	200	14.263	50	161.885	31	5	1
177	4413287.5	5617309.5	633.172	30625	2	188	0	27.977	169	49.686	31	5	1
178	4410462.5	5617322	872.572	11250	2	155	0	2.032	111	64.662	11	4	1
179	4412425	5617185.5	699.698	41250	2	216	0	18.927	45	67.497	11	4	1
180	4412912.5	5617247	627.351	32500	3	0	200	17.221	172	91.907	64	5	1
181	4413775	5617295	619.141	29375	2	197	0	24.343	146	66.351	22	5	1
182	4414037.5	5617295	573.362	11250	3	0	800	10.151	138	159.46	64	5	1
183	4414437.5	5617284.5	622.288	7500	2	161	0	15.166	324	58.926	11	4	1
184	4411262.5	5617314	739.701	4375	2	185	0	7.898	98	100	64	4	1
185	4411387.5	5617314	725.261	1875	2	136	0	9.726	124	50	64	4	1
186	4411675	5617303	666.028	1875	3	0	400	10.604	58	55.474	64	4	1
187	4411775	5616919.5	719.651	71875	3	0	700	27.01	271	107.94	11	4	1
188	4413200	5617270	618.319	36250	3	0	200	22.026	168	106.366	64	5	1
189	4414175	5617303	570.308	1875	3	0	800	4.313	157	77.022	31	4	1
190	4411050	5617267	763.173	6875	3	0	400	6.395	49	125.713	64	4	1
191	4411237.5	5617289	743.769	3125	3	0	700	9.292	48	75	64	4	1
192	4411362.5	5617289	727.592	3125	3	0	700	8.823	48	75	64	4	1
193	4411500	5617289	705.887	3750	3	0	700	13.683	51	87.5	64	4	1
194	4411612.5	5617289	679.458	1875	3	0	700	15.771	65	50	21	4	1
195	4411650	5616916.5	693.395	32500	3	0	700	13.128	78	482.082	64	4	1
196	4412187.5	5617234.5	740.883	15625	2	149	0	17.17	32	49.284	11	4	1
197	4413875	5617234.5	586.155	23125	2	241	0	16.905	155	111.679	64	5	1
198	4414087.5	5617265.5	570.248	3125	3	0	800	1.086	315	76.569	31	4	1
199	4411137.5	5617264	757.652	1875	2	190	0	7.953	32	60.355	21	4	1
200	4411087.5	5617045	801.863	159375	2	211	0	11.878	14	196.203	11	4	1
201	4411262.5	5617253	745.965	3125	2	191	0	14.214	22	57.426	21	4	1
202	4411337.5	5617240.5	740.103	3125	2	192	0	15.73	16	53.284	21	4	1
203	4411425	5617220	736.362	13125	2	204	0	18.394	20	65.202	11	4	1
204	4411462.5	5617264	718.924	3125	2	193	0	18.915	27	85.355	21	4	1
205	4411550	5617264	702.549	1250	2	193	0	21.298	40	47.855	21	4	1
206	4411575	5616902.5	723.594	87500	2	195	0	23.98	74	70.426	21	4	1
207	4412550	5617206	658.518	4375	2	176	0	26.288	43	35.355	31	5	1
208	4414375	5617209.5	625.387	10625	2	161	0	17.699	329	49.913	22	4	1
209	4410462.5	5617217	870.813	1875	2	224	0	1.588	139	33.333	11	4	1
210	4410925	5617215.5	781.492	3125	2	120	0	8.974	50	73.284	64	4	1
211	4410937.5	5617129.5	794.501	36250	2	190	0	11.059	16	203.853	21	4	1
212	4411675	5617043.5	680.306	11875	3	0	400	10.774	18	202.686	64	4	1
213	4411987.5	5617129.5	787.217	38750	2	175	0	17.77	17	126.825	11	4	1
214	4412175	5617118.5	785.364	43750	2	196	0	15.487	26	131.154	11	4	1
215	4414075	5617217	570.248	4375	3	0	800	3.578	315	61.835	31	4	1
216	4412625	5617087.5	673.647	11875	2	235	0	20.084	48	44.659	22	4	1
217	4412937.5	5617203	609.787	11250	3	0	200	9.024	110	221.746	31	5	1
218	4413062.5	5617190.5	603.602	8750	3	0	200	4.935	50	163.493	31	5	1
219	4413325	5617214	594.645	2500	3	0	200	0.031	0	62.5	31	5	1
220	4413512.5	5617192	595.829	9375	3	0	200	12.819	173	85.188	31	5	1
221	4413575	5617214	601.372	1250	2	220	0	25.407	176	25	64	5	1
222	4413825	5617087.5	587.027	41875	3	0	900	12.455	339	214.06	31	4	1
223	4414012.5	5617203	570.329	2500	3	0	900	2.304	0	62.5	31	4	1
224	4410462.5	5617112.5	863.146	15625	2	155	0	4.617	140	97.912	11	4	1
225	4410862.5	5617156	802.7	5000	2	210	0	12.232	48	88.388	21	4	1
226	4411875	5617178	759.222	1875	2	174	0	25.34	307	47.14	11	4	1
227	4412425	5617057.5	731.41	34375	2	179	0	18.604	56	75.21	11	4	1
228	4412775	5617134.5	632.003	28750	3	0	200	19.618	8	99.727	31	5	1
229	4412850	5617165.5	609.71	4375	3	0	200	8.094	8	82.143	31	5	1
230	4413300	5617189	595.633	6250	3	0	200	5.485	7	145.178	31	5	1
231	4414025	5617178	570.759	2500	3	0	1000	4.158	20	60.355	31	4	1
232	4414137.5	5617156	594.224	9375	2	215	0	16.812	305	81.569	31	4	1
233	4414350	5617145	640.34	13125	2	208	0	11.447	333	53.875	22	4	1
234	4411912.5	5616835.5	792.915	126250	2	187	0	22.49	270	104.255	11	4	1
235	4412600	5617153	659.703	2500	2	228	0	24.525	38	35.355	31	5	1
236	4413012.5	5617164	607.84	5625	2	218	0	5.683	24	140.911	31	5	1
237	4413287.5	5617161	604.845	20000	2	230	0	13.346	1	119.998	31	4	1
238	4413487.5	5617142	592.03	3750	3	0	200	6.979	81	53.452	31	4	1
239	4413562.5	5617153	585.52	2500	3	0	200	7.144	131	55.178	64	4	1
240	4413637.5	5617164	584.052	1875	2	247	0	8.143	171	75	64	4	1
241	4413762.5	5617164	577.545	3125	3	0	900	6.387	141	83.284	31	4	1
242	4414412.5	5617123.5	647.628	3750	2	233	0	6.835	337	37.796	22	7	1
243	4411362.5	5616651	796.572	175625	2	206	0	16.561	81	163.849	11	4	1
244	4412325	5616854	792.924	113750	2	227	0	14.146	80	175.26	11	4	1
245	4412975	5617139	612.259	3750	2	236	0	13.902	6	54.167	31	5	1
246	4413550	5617106	586.575	4375	3	0	200	4.86	73	63.314	64	4	1
247	4413650	5617098.5	584.023	6875	3	0	900	5.464	355	110.584	31	4	1
248	4413700	5617139	580.295	2500	3	0	900	3.198	68	62.5	31	4	1
249	4414012.5	5617081	585.92	11250	3	0	1000	12.685	2	78.649	31	4	1
250	4414087.5	5617117	584.704	3125	2	231	0	14.395	293	71.569	31	4	1
251	4414200	5617095	622.482	8125	2	232	0	17.68	302	62.552	22	4	1
252	4412675	5617103	655.268	2500	2	228	0	19.516	39	35.355	31	5	1
253	4413125	5617097	632.555	48125	2	237	0	14.451	14	68.989	22	4	1
254	4413462.5	5617092	597.985	5000	2	246	0	10.372	52	48.169	31	4	1
255	4413575	5617090.5	585.022	1875	3	0	1100	4.929	3	55.474	64	4	1
256	4414275	5617081	640.775	4375	2	251	0	14.45	306	45.457	22	4	1
257	4414425	5616960.5	669.349	38750	2	242	0	6.74	16	132.654	22	7	1
258	4413387.5	5617089	611.869	1875	2	237	0	8.955	53	31.904	22	4	1
259	4414087.5	5616903	624.398	38125	3	0	1000	19.04	244	172.719	31	4	1
260	4410425	5617006	858.928	3125	2	279	0	2.11	141	66.569	11	4	1
261	4410637.5	5617009.5	844.223	13750	2	211	0	5.891	87	135.369	21	4	1
262	4411337.5	5616987.5	800.436	11250	2	243	0	11.264	42	135.529	11	4	1
263	4411962.5	5617042	817.735	1875	2	234	0	12.173	319	35.355	21	4	1
264	4412912.5	5617020	655.924	15000	2	253	0	13.516	15	36.964	11	4	1
265	4413187.5	5616812	626.674	84375	3	0	1100	13.504	97	271.8	31	4	1
266	4413512.5	5617031	591.846	6250	3	0	1100	6.261	4	89.246	31	4	1
267	4413450	5616932.5	609.455	28125	3	0	1100	16.633	332	261.363	31	4	1
268	4414300	5616987.5	661.188	16250	2	256	0	10.616	314	98.567	22	7	1
269	4413425	5617017	597.044	3750	3	0	1100	9.086	118	62.796	64	4	1
270	4413737.5	5616940.5	625.872	61875	2	222	0	12.015	325	132.126	22	4	1
271	4413950	5616918.5	621.475	26875	2	272	0	16.883	54	198.924	31	4	1
272	4414037.5	5616757.5	626.126	27500	3	0	1000	13.209	22	303.655	31	4	1
273	4410700	5616970	843.207	10625	2	211	0	6.332	8	98.652	21	4	1
274	4412850	5616926.5	685.395	65000	2	264	0	17.475	16	101.204	11	4	1
275	4413912.5	5617003	619.444	1250	2	271	0	13.281	30	35.355	22	4	1
276	4414162.5	5616981	637.025	8750	2	259	0	20.627	319	63.135	22	4	1
277	4413537.5	5616890.5	632.424	27500	2	267	0	16.674	338	81.425	22	4	1
278	4414225	5616945	662.07	4375	2	276	0	15.225	331	45.457	22	4	1
279	4410475	5616920	855.44	6250	2	155	0	1.685	90	52.678	11	4	1
280	4410787.5	5616906	846.618	10625	2	200	0	7.385	9	48.634	11	4	1
281	4411725	5616832.5	705.479	15625	2	289	0	24.855	271	61.485	21	4	1
282	4412050	5616942	830.917	4375	2	214	0	6.778	44	45.457	21	4	1
283	4412587.5	5616876.5	731.771	35625	2	274	0	17.516	20	81.808	11	4	1
284	4413125	5616964	649.515	1250	2	253	0	8.713	45	35.355	22	4	1
285	4413400	5616953	595.577	1875	3	0	1100	4.115	20	55.474	64	4	1
286	4413875	5616872	640.543	5625	2	271	0	9.461	1	47.14	22	4	1
287	4414275	5616909.5	673.441	6250	2	278	0	11.47	337	68.033	22	7	1
288	4410787.5	5616785.5	860.856	114375	2	280	0	4.833	339	154.36	11	4	1
289	4411700	5616760.5	692.221	8750	3	0	400	8.726	285	172.243	64	4	1
290	4412137.5	5616753	826.981	37500	2	244	0	6.281	55	62.266	21	4	1
291	4413100	5616939	655.063	1250	2	284	0	8.853	46	35.355	11	4	1
292	4414262.5	5616720	675.38	51250	2	259	0	17.398	296	95.15	22	4	1
293	4413050	5616826.5	675.115	18125	2	294	0	14.682	94	72.414	11	4	1
294	4413075	5616695	656.561	21250	2	265	0	17.868	100	39.275	31	4	1
295	4411112.5	5616845	834.035	9375	2	200	0	7.639	25	76.973	11	4	1
296	4411225	5616889	822.542	1250	2	262	0	7.921	42	35.355	11	4	1
297	4412037.5	5616573	827.7	42500	2	234	0	4.809	275	79.784	21	4	1
298	4412962.5	5616845	690.049	6875	2	274	0	14.19	46	102.852	11	4	1
299	4411212.5	5616798.5	832.003	18125	2	243	0	7.702	62	98.924	11	4	1
300	4412050	5616809.5	831.945	5000	2	297	0	3.512	215	39.775	21	4	1
301	4413300	5616831	608.934	3750	3	0	1100	7.523	2	83.211	64	4	1
302	4410525	5616817	856.193	3125	2	288	0	2.112	0	57.426	11	4	1
303	4411150	5616806	838.803	3750	2	295	0	7.019	39	70.711	21	4	1
304	4412550	5616718.5	785.799	75000	2	283	0	15.766	10	157.106	11	4	1
305	4413875	5616803	651.52	2500	2	271	0	10.212	33	32.767	22	4	1
306	4414350	5616704.5	696.103	11875	2	326	0	5.842	273	46.785	22	7	1
307	4412825	5616756	730.942	6875	2	298	0	14.474	57	77.139	11	4	1
308	4413500	5616734.5	661.201	13125	2	277	0	10.373	23	62.482	22	4	1
309	4413687.5	5616767	645.589	10000	2	270	0	11.287	324	48.66	42	4	1
310	4413687.5	5616679.5	669.091	51875	2	309	0	12.019	355	106.094	42	4	1
311	4413975	5616610.5	668.169	39375	2	272	0	11.809	28	80.847	22	4	1
312	4410987.5	5616706	860.331	5000	2	200	0	8.965	23	83.969	11	4	1
313	4411100	5616742	847.598	3125	2	299	0	9.23	42	35.355	21	4	1
314	4412900	5616369.5	714.696	143125	2	322	0	23.216	65	106.455	21	4	1
315	4413287.5	5616709.5	629.419	10000	2	301	0	18.507	310	86.493	31	4	1
316	4413412.5	5616599.5	695.437	42500	2	319	0	17.281	318	110.369	22	4	1
317	4411062.5	5616684.5	858.524	14375	2	313	0	10.548	42	61.488	11	4	1
318	4412712.5	5616659.5	783.192	8750	2	307	0	20.892	49	101.015	11	4	1
319	4413212.5	5616418	687.879	98750	3	0	1100	23.806	310	210.864	31	4	1
320	4412087.5	5616645	828.477	3125	2	297	0	2.21	257	31.213	21	4	1
321	4412150	5616545	831.186	8125	2	290	0	2.227	40	48.817	21	4	1
322	4413012.5	5616546.5	673.786	18750	2	294	0	20.847	94	43.333	31	4	1
323	4413212.5	5616667	623.44	1875	3	0	1100	5.871	32	60.355	64	4	1
324	4413237.5	5616631	628.026	3125	2	323	0	14.093	304	80.355	64	4	1
325	4414312.5	5616634.5	691.169	3750	2	292	0	13.677	259	30.178	22	7	1
326	4414337.5	5616579.5	702.302	6875	2	325	0	9.991	308	32.531	22	7	1
327	4411000	5616623.5	872.019	5625	2	317	0	5.668	20	51.069	11	4	1
328	4412825	5616236.5	794.485	156875	2	314	0	24.95	62	113.34	11	4	1
329	4413775	5616598.5	684.595	15000	2	310	0	12.903	2	92.647	22	7	1
330	4414162.5	5616587.5	665.152	14375	2	272	0	15.29	33	98.135	31	4	1
331	4412112.5	5616584.5	830.992	3750	2	320	0	2.368	322	35.355	21	4	1
332	4412162.5	5616617	829.342	1875	2	290	0	3.249	29	35.355	21	4	1
333	4412562.5	5616584.5	816.829	14375	2	304	0	5.489	32	57.699	11	4	1
334	4414375	5616431	721.409	33750	2	306	0	5.877	327	75.592	22	7	1
335	4410825	5616573	876.869	32500	2	288	0	2.154	320	97.085	11	4	1
336	4411112.5	5616548.5	867.827	28750	2	337	0	5.073	91	90.169	11	4	1
337	4411225	5616537.5	855.105	11250	2	243	0	11.043	42	44.165	11	4	1
338	4413625	5616453	713.561	58750	2	310	0	17.02	22	123.919	31	4	1
339	4410925	5616428	877.498	27500	2	336	0	2.012	63	115.452	11	4	1
340	4411687.5	5616567	715.558	1875	3	0	400	9.249	310	50	64	4	1
341	4413150	5616523.5	638.313	6875	3	0	1100	9.934	320	111.848	64	4	1
342	4413225	5616578	637.033	1875	2	265	0	19.328	313	43.689	64	4	1
343	4413987.5	5616512.5	692.57	38750	2	311	0	11.631	27	85.355	42	7	1
344	4412200	5616454.5	834.398	9375	2	290	0	4.267	31	71.569	11	4	1
345	4412462.5	5616443.5	832.961	47500	2	346	0	6.571	17	107.924	11	4	1
346	4412362.5	5616495	821.24	11875	2	304	0	8.942	17	74.642	11	4	1
347	4412625	5616517	819.54	3750	2	328	0	5.91	47	35.059	11	4	1
348	4411662.5	5616470	718.362	3125	3	0	400	3.832	276	75	64	4	1
349	4412575	5616445	828.183	5625	2	353	0	6.041	43	51.069	11	4	1
350	4414125	5616346.5	719.492	80625	2	330	0	12.273	18	170.02	31	7	1
351	4414312.5	5616431	708.406	4375	2	292	0	12.358	306	45.457	22	7	1
352	4412137.5	5616453	836.534	1250	2	297	0	2.868	322	35.355	11	4	1
353	4412612.5	5616442	824.739	1875	2	328	0	7.463	56	28.452	11	4	1
354	4413075	5616423.5	646.671	3125	3	0	1100	8.213	56	72.426	64	4	1
355	4413887.5	5616332.5	738.122	29375	2	350	0	15.654	24	65.416	31	4	1
356	4410937.5	5616364	877.999	8125	2	357	0	2.578	73	65.385	11	4	1
357	4411012.5	5616307.5	876.589	89375	2	388	0	5.646	114	171.693	11	4	1
358	4411725	5616415.5	741.097	1875	2	187	0	26.181	271	41.667	21	4	1
359	4411762.5	5616428	758.649	1250	2	358	0	28.337	269	25	11	4	1
360	4412062.5	5615781.5	810.61	329375	3	0	300	17.657	247	290.452	11	4	1
361	4412062.5	5616403	835.662	24375	2	360	0	6.44	258	98.927	11	4	1
362	4410812.5	5616403	882.095	1250	2	335	0	2.52	34	35.355	21	4	1
363	4411225	5616370	853.844	5000	2	364	0	10.289	114	40.089	11	4	1
364	4411237.5	5615943	811.366	253125	3	0	500	17.854	93	169.417	21	4	1
365	4411575	5616348.5	738.924	8750	2	370	0	22.376	94	74.081	21	4	1
366	4412675	5616304.5	822.354	32500	2	328	0	20.584	67	94.538	11	4	1
367	4413600	5616326.5	775.761	56875	2	368	0	21.419	22	91.757	11	4	1
368	4413637.5	5616411	744.023	9375	2	338	0	21.139	22	36.667	21	4	1
369	4414312.5	5616370	721.589	3750	2	350	0	9.473	317	35.355	22	7	1
370	4411600	5616246.5	735.872	16250	3	0	500	11.869	80	207.153	64	4	1
371	4411637.5	5616345	719.151	3125	3	0	500	7.041	48	85.355	64	4	1
372	4411662.5	5616334.5	720.087	3750	3	0	300	6.635	267	87.5	64	4	1
373	4411700	5616334.5	729.876	5625	2	372	0	19.701	270	118.968	21	4	1
374	4411737.5	5616312.5	744.555	5625	2	373	0	23.971	268	30.556	21	4	1
375	4411775	5616312.5	762.703	9375	2	374	0	24.201	272	36.667	11	4	1
376	4412425	5616356	841.399	15000	2	345	0	10.672	0	53.378	21	4	1
377	4413050	5616235.5	668.14	15000	3	0	1100	14.015	58	226.751	64	4	1
378	4413387.5	5616334.5	764.198	4375	2	316	0	13.878	315	50.508	11	4	1
379	4412562.5	5616331	841.137	6875	2	366	0	12.075	24	54.64	11	4	1
380	4410750	5616281	889.489	7500	2	381	0	4.636	36	73.657	11	4	1
381	4410825	5616328	884.117	1875	2	339	0	3.406	47	47.14	21	4	1
382	4412175	5616298.5	845.887	2500	2	361	0	6.053	314	44.194	11	4	1
383	4412187.5	5616328	845.752	1250	2	361	0	5.766	322	35.355	11	4	1
384	4413062.5	5616306	659.103	2500	3	0	1100	8.308	11	62.5	64	4	1
385	4413350	5616218.5	767.75	20000	2	397	0	23.475	270	57.41	11	4	1
386	4413862.5	5616153	810.671	72500	2	391	0	20.36	37	101.657	11	4	1
387	4412400	5616248.5	864.397	32500	2	376	0	13.016	355	79.56	11	4	1
388	4411062.5	5615763	885.911	253125	2	364	0	15.101	65	147.08	11	4	1
389	4411737.5	5616113.5	739.761	19375	3	0	300	9.916	240	261.134	64	4	1
390	4412562.5	5616197	869.577	14375	2	366	0	17.542	33	74.872	11	4	1
391	4414187.5	5616059	775.947	65000	2	355	0	16.967	33	103.288	31	4	1
392	4412212.5	5616253	853.79	3125	2	382	0	7.005	312	49.497	11	4	1
393	4410712.5	5616228	897.949	3125	2	380	0	4.495	45	49.497	11	4	1
394	4411662.5	5616228	728.225	1250	3	0	300	8.301	323	37.5	21	4	1
395	4412162.5	5616217	852.525	2500	2	361	0	7.297	314	35.355	11	4	1
396	4412262.5	5616217	862.299	3125	2	392	0	8.679	313	49.497	11	4	1
397	4413287.5	5616107.5	727.95	20000	2	319	0	29.569	253	53.906	21	4	1
398	4413412.5	5616228	791.894	1250	2	378	0	16.691	323	35.355	11	4	1
399	4413512.5	5616173.5	821.676	28750	2	367	0	17.098	323	102.28	11	4	1
400	4411625	5616214	730.108	1250	3	0	500	8.597	6	30.178	21	4	1
401	4412200	5616203	856.171	1875	2	395	0	7.797	318	35.355	11	4	1
402	4412387.5	5616170	879.906	8125	2	387	0	7.968	296	111.835	11	4	1
403	4412650	5616173.5	857.036	3125	2	366	0	24.411	47	42.426	11	4	1
404	4413600	5616137.5	834.97	10625	2	399	0	16.141	310	64.472	11	4	1
405	4414325	5616173.5	744.257	3125	2	350	0	9.047	333	54.497	42	7	1
406	4411612.5	5616167	742.154	5000	2	400	0	14.278	3	55.714	21	4	1
407	4411675	5616148.5	739.983	3125	2	394	0	12.171	2	66.213	21	4	1
408	4412162.5	5616013.5	860.928	46875	2	360	0	11.214	242	76.006	11	4	1
409	4412212.5	5616156	863.385	4375	2	401	0	8.776	319	50.508	11	4	1
410	4412362.5	5616101.5	881.332	17500	2	396	0	6.011	310	101.691	11	4	1
411	4413237.5	5615981	697.987	27500	3	0	1100	12.248	258	346.442	64	4	1
412	4413737.5	5616145	842.185	6250	2	386	0	16.427	45	38.891	11	4	1
413	4411550	5616142	743.507	2500	3	0	500	7.964	20	65.533	64	4	1
414	4412262.5	5616106	872.202	5625	2	409	0	6.924	322	54.997	11	4	1
415	4412300	5616142	872.846	2500	2	396	0	6.55	315	53.033	11	4	1
416	4412475	5616142	891.409	4375	2	387	0	7.201	343	58.263	11	4	1
417	4413575	5615671	807.019	203750	2	454	0	25.719	260	166.083	11	4	1
418	4410775	5616073.5	904.421	9375	2	357	0	5.349	9	55.878	11	4	1
419	4412575	5616106	893.178	7500	2	390	0	13.953	39	43.689	11	4	1
420	4412750	5615887	883.732	85000	2	328	0	19.487	62	102.654	11	4	1
421	4414275	5616117	754.662	8750	2	350	0	12.316	1	45.076	31	7	1
422	4414362.5	5616106	757.323	2500	2	334	0	5.801	3	62.5	22	7	1
423	4411587.5	5615928	789.148	24375	2	430	0	13.813	320	71.765	11	4	1
424	4411650	5615949.5	795.278	19375	2	425	0	12.88	41	64.006	11	4	1
425	4411912.5	5615478.5	811.067	180000	3	0	300	19.232	54	148.061	21	4	1
426	4413675	5616114	852.637	1250	2	399	0	8.439	329	30.178	11	4	1
427	4413725	5616103	851.833	2500	2	412	0	11.092	21	35.355	11	4	1
428	4410837.5	5616045	905.48	4375	2	388	0	9.571	38	40.406	11	4	1
429	4411425	5616012.5	756.96	8125	3	0	500	9.229	7	108.842	64	4	1
430	4411500	5615601	807.1	101250	3	0	500	15.053	313	326.337	21	4	1
431	4411750	5616067	741.127	2500	2	389	0	11.546	49	72.855	21	4	1
432	4412487.5	5615892	892.104	116250	2	468	0	5.841	248	122.669	11	4	1
433	4412587.5	5616045	902.246	8125	2	419	0	4.683	345	44.971	11	4	1
434	4413687.5	5616067	856.931	2500	2	399	0	4.969	323	53.033	11	4	1
435	4413725	5616048.5	857.727	3125	2	427	0	5.335	14	42.426	11	4	1
436	4413125	5616042	688.344	2500	2	377	0	19.786	58	58.839	21	4	1
437	4413637.5	5616042	856.702	5000	2	404	0	5.442	303	57.452	11	4	1
438	4413775	5616053	852.589	1875	2	412	0	10.922	46	35.355	11	4	1
439	4413825	5616042	847.44	2500	2	386	0	12.6	46	35.355	11	4	1
440	4411450	5615995	754.728	5000	3	0	500	9.558	7	77.275	64	4	1
441	4413812.5	5615947	857.711	12500	2	445	0	5.73	46	60.104	11	4	1
442	4413175	5616003	682.175	1875	3	0	1100	10.842	21	33.333	21	4	1
443	4413750	5615696.5	868.639	37500	2	450	0	4.893	254	43.166	11	4	1
444	4413712.5	5616003	860.787	1250	2	435	0	1.308	7	35.355	11	4	1
445	4413862.5	5615981	848.514	5000	2	386	0	9.621	40	44.194	11	4	1
446	4413737.5	5615978	860.958	1250	2	441	0	1.719	45	35.355	11	4	1
447	4411812.5	5615942	747.868	1875	3	0	300	10.341	45	61.785	21	4	1
448	4414175	5615942	804.227	8125	2	391	0	11.454	48	70.711	22	4	1
449	4413200	5615807.5	725.893	37500	3	0	1100	19.95	44	161.275	21	4	1
450	4413712.5	5615544.5	861.48	60625	2	417	0	14.808	267	51.388	11	4	1
451	4413837.5	5615818.5	862.902	24375	2	386	0	4.534	42	129.61	11	4	1
452	4414050	5615906	834.808	11875	2	386	0	10.962	46	72.571	11	4	1
453	4413250	5615881	704.517	4375	3	0	1100	10.909	5	88.568	21	4	1
454	4413412.5	5615717	732.43	30625	3	0	1100	14.889	244	117.169	64	4	1
455	4413800	5615870	862.444	5000	2	451	0	1.95	2	47.319	11	4	1
456	4410950	5615298	922.884	58750	2	388	0	6.074	50	62.677	11	4	1
457	4411362.5	5615703	794.223	13125	2	458	0	11.775	46	186.053	64	4	1
458	4411387.5	5615790.5	776.807	6250	3	0	500	6.261	332	147.855	64	4	1
459	4411850	5615834.5	753.586	4375	3	0	300	11.706	46	99.641	64	4	1
460	4411887.5	5615787.5	757.23	6875	3	0	300	6.861	266	127.367	64	4	1
461	4413925	5615820	858.201	9375	2	452	0	5.189	53	84.853	11	4	1
462	4412337.5	5615795	864.294	13125	2	470	0	11.829	215	80.812	21	4	1
463	4412387.5	5615839	878.308	1875	2	462	0	7.842	217	35.355	11	4	1
464	4412687.5	5615828	905.555	1250	2	420	0	1.443	52	35.355	11	4	1
465	4413087.5	5615707.5	800.76	61250	2	449	0	26.895	44	115.235	21	4	1
466	4413312.5	5615792	716.076	2500	3	0	1100	5.733	12	51.517	21	4	1
467	4413762.5	5615781	865.683	2500	2	443	0	3.966	321	32.767	11	4	1
468	4412425	5615153.5	899.062	454375	2	360	0	13.42	248	258.729	11	4	1
469	4411612.5	5615698.5	835.128	4375	2	423	0	6.762	353	35.355	11	4	1
470	4412237.5	5615706	840.19	8750	2	360	0	10.99	214	68.185	21	4	1
471	4413462.5	5615742	746.217	1875	2	454	0	25.617	252	25	21	4	1
472	4412737.5	5615728	906.32	1250	2	420	0	1.953	82	35.355	11	4	1
473	4411650	5615604.5	842.447	6250	2	474	0	7.06	15	40.355	11	4	1
474	4411787.5	5615553	835.461	25000	2	425	0	15.982	42	63.64	11	4	1
475	4413787.5	5615692	871.749	1875	2	443	0	3.186	323	35.355	11	4	1
476	4411925	5615656	768.225	3750	3	0	300	11.469	53	85.355	21	4	1
477	4412712.5	5615645	902.242	5625	2	420	0	4.862	52	47.617	11	4	1
478	4412900	5615499.5	910.933	92500	2	465	0	19.103	25	199.771	11	4	1
479	4411400	5615573.5	801.768	5000	3	0	500	8.245	18	105.178	64	4	1
480	4412625	5615617	902.039	6250	2	432	0	6.125	11	70.533	21	4	1
481	4413487.5	5615584.5	743.651	3750	2	454	0	19.919	259	29.167	21	4	1
482	4413787.5	5615617	874.402	1875	2	443	0	2.413	301	31.904	11	4	1
483	4410925	5615559.5	928.987	6250	2	456	0	1.808	10	49.926	11	4	1
484	4411975	5615570	772.853	5000	3	0	300	13.264	12	86.65	64	4	1
485	4412562.5	5615581	902.287	8750	2	468	0	10.326	316	58.39	11	4	1
486	4413387.5	5615581	742.177	5000	2	454	0	21.541	45	49.686	21	4	1
487	4413825	5615548.5	877.888	8125	2	482	0	2.002	319	80.189	11	4	1
488	4411625	5615545	847.544	3750	2	430	0	6.672	291	30.893	11	4	1
489	4411637.5	5615578	847.106	1250	2	469	0	4.672	316	35.355	11	4	1
490	4413362.5	5615337	810.691	70625	2	504	0	27.614	71	91.273	21	4	1
491	4412675	5615564	908.008	1250	2	420	0	10.587	23	42.678	11	4	1
492	4411587.5	5615137	881.33	48750	2	509	0	6.737	327	95.551	11	4	1
493	4411712.5	5615331	866.71	30625	2	474	0	5.823	43	97.453	11	4	1
494	4412587.5	5615495	921.276	14375	2	485	0	12.842	1	69.501	11	4	1
495	4412687.5	5615495	922.246	8125	2	478	0	14.592	23	63.678	11	4	1
496	4413262.5	5615101	905.347	203125	2	490	0	18.599	63	148.381	11	4	1
497	4413437.5	5615517	743.223	1875	2	454	0	16.12	45	68.689	64	4	1
498	4410925	5615481	928.807	3750	2	505	0	1.364	148	47.855	11	4	1
499	4411637.5	5615492	852.605	1875	2	488	0	6.903	309	35.355	11	4	1
500	4412037.5	5615404.5	790.456	9375	3	0	300	14.293	52	165.306	64	4	1
501	4412475	5615459.5	909.106	14375	2	468	0	15.202	288	65.977	11	4	1
502	4411412.5	5615354.5	836.108	23750	2	364	0	14.524	357	140.175	21	4	1
503	4411600	5615442	852.841	2500	2	430	0	10.704	312	35.355	11	4	1
504	4413450	5615299.5	783.67	18125	2	507	0	20.475	64	230.464	64	4	1
505	4410925	5615417	926.553	2500	2	456	0	3.765	140	35.355	11	4	1
506	4411750	5615002.5	880.003	118750	2	513	0	6.761	57	222.656	11	4	1
507	4413487.5	5615274.5	786.062	11250	3	0	1100	11.696	345	230.893	64	4	1
508	4410887.5	5615392	926.082	1875	2	456	0	1.63	143	35.355	11	4	1
509	4411350	5615184	893.419	157500	2	502	0	12	5	228.725	21	4	1
510	4412612.5	5615403	943.791	3750	2	494	0	15.175	320	41.963	11	4	1
511	4412875	5615392	939.512	3125	2	478	0	10.733	310	49.497	11	4	1
512	4412975	5615356	948.698	6875	2	478	0	5.043	2	45.778	11	4	1
513	4411912.5	5615099.5	858.447	27500	2	425	0	10.496	74	63.781	11	4	1
514	4412637.5	5615342	959.594	2500	2	510	0	13.401	320	50.444	11	4	1
515	4412712.5	5615331	959.447	9375	2	478	0	14.913	34	53.403	11	4	1
516	4412900	5615340.5	948.168	1875	2	511	0	6.887	314	35.355	11	4	1
517	4410875	5615317	924.785	3750	2	456	0	1.32	63	40.952	11	4	1
518	4412612.5	5615251.5	959.594	12500	2	468	0	15.784	228	44.749	11	4	1
519	4412875	5615315.5	948.108	3125	2	478	0	6.271	9	57.426	21	4	1
520	4413037.5	5615006	941.294	90000	2	496	0	5.642	129	169.198	21	4	1
521	4412087.5	5615259.5	796.455	3750	3	0	300	5.915	12	87.5	64	4	1
522	4412925	5615239	951.327	10000	2	520	0	1.748	97	42.9	11	4	1
523	4413775	5615259.5	875.972	5625	2	531	0	3.228	208	45.316	11	4	1
524	4412850	5615179.5	958.301	26875	2	520	0	5.01	108	76.535	11	4	1
525	4412775	5615256	961.7	6875	2	478	0	11.604	49	60.517	11	4	1
526	4412862.5	5615278	951.308	3125	2	519	0	4.834	25	37.071	11	4	1
527	4412925	5615278	951.633	1875	2	519	0	0.932	142	35.355	11	4	1
528	4412200	5615023	829.448	31250	3	0	300	12.964	255	377.128	64	4	1
529	4412762.5	5615068.5	959.6	18750	2	541	0	5.789	179	66.223	11	4	1
530	4410875	5615184.5	931.792	6875	2	456	0	4.72	30	64.739	11	4	1
531	4413712.5	5615095	865.515	12500	2	450	0	5.64	269	67.767	11	4	1
532	4412687.5	5615159.5	960.454	7500	2	468	0	11.811	208	50.087	11	4	1
533	4412112.5	5615087.5	816.708	6875	3	0	300	9.572	42	130.03	21	4	1
534	4413512.5	5615012.5	835.729	15000	2	507	0	15.781	25	153.138	21	4	1
535	4412812.5	5615103	956.075	1250	2	524	0	4.318	138	35.355	11	4	1
536	4410875	5615089	939.161	1250	2	456	0	4.531	26	35.355	11	4	1
537	4410950	5615012.5	938.797	13125	2	456	0	5.411	57	62.293	74	4	1
538	4410862.5	5615042	941.758	1875	2	537	0	1.529	30	35.355	74	4	1
539	4411175	5614843.5	941.348	75000	2	509	0	5.762	18	121.173	11	4	1
540	4412800	5614896.5	946.476	22500	2	468	0	6.053	271	61.169	11	4	1
541	4412750	5615017	948.952	3125	2	540	0	6.531	221	35.355	11	4	1
542	4412837.5	5615006	951.781	2500	2	540	0	2.154	148	35.355	11	4	1
543	4412875	5615017	951.285	2500	2	520	0	2.53	115	47.855	11	4	1
544	4410900	5614939	943.095	5625	2	537	0	1.777	26	43.212	74	4	1
545	4411850	5614871.5	881.677	55625	2	506	0	5.638	19	218.787	21	4	1
546	4412025	5614970	860.945	6250	2	425	0	10.711	40	45.962	11	4	1
547	4413500	5614828	887.196	59375	2	534	0	11.222	21	208.098	21	4	1
548	4413612.5	5614915.5	868.005	13750	2	547	0	5.051	324	59.965	11	4	1
549	4412862.5	5614978	950.854	1250	2	520	0	1.444	138	25	11	4	1
550	4410950	5614872	942.61	5625	2	539	0	4.13	43	81.822	74	4	1
551	4411512.5	5614840.5	921.775	38125	2	506	0	11.877	46	129.424	11	4	1
552	4412075	5614674.5	864.362	40625	2	425	0	10.526	97	82.367	11	4	1
553	4412862.5	5614884.5	950.956	3750	2	540	0	1.413	230	25	11	4	1
554	4413062.5	5614917	940.356	3125	2	520	0	5.647	38	42.426	21	4	1
555	4410925	5614878	944.394	1875	2	537	0	2.168	17	47.14	74	4	1
556	4411862.5	5614659	879.317	93750	2	552	0	6.025	51	235.847	11	4	1
557	4412975	5614692	956.674	30625	2	579	0	2.07	2	69.174	11	4	1
558	4413037.5	5614845	946.567	11875	2	554	0	4.746	15	67.121	74	4	1
559	4411412.5	5614820	937.765	3125	2	551	0	8.204	48	35.355	11	4	1
560	4413112.5	5614776.5	946.336	13750	2	496	0	5.377	55	54.868	74	4	1
561	4413012.5	5614798.5	951.288	3750	2	558	0	3.796	32	35.355	74	4	1
562	4411362.5	5614756	945.595	5000	2	559	0	7.331	41	57.452	11	4	1
563	4412312.5	5614781	847.825	2500	2	528	0	9.768	246	30.178	21	4	1
564	4411087.5	5614712.5	958.907	57500	2	539	0	6.167	358	91.382	11	4	1
565	4411637.5	5614723.5	918.247	20000	2	506	0	12.023	44	112.048	21	4	1
566	4412225	5614697	843.783	5625	3	0	300	5.404	9	103.452	64	4	1
567	4412950	5614370	956.537	58125	2	568	0	5.111	267	70.314	11	4	1
568	4412512.5	5614468	908.995	143750	2	581	0	7.071	314	378.247	21	4	1
569	4412900	5614672	956.343	4375	2	567	0	2.108	334	40.406	11	4	1
570	4413000	5614753	953.324	1875	2	561	0	2.69	32	35.355	74	4	1
571	4413050	5614742	951.743	3125	2	574	0	3.121	47	34.142	74	4	1
572	4413187.5	5614654.5	943.333	9375	2	496	0	7.191	45	56.618	21	4	1
573	4411337.5	5614607.5	966.932	36250	2	575	0	6.197	23	98.019	11	4	1
574	4413062.5	5614681	951.831	5000	2	560	0	4	81	46.339	74	4	1
575	4411437.5	5614648.5	956.076	10000	2	565	0	9.69	37	50.823	11	4	1
576	4411725	5614437	917.873	140625	2	556	0	12.974	74	139.452	11	4	1
577	4411100	5614587.5	973.096	30000	2	564	0	4.325	334	97.559	74	4	1
578	4411250	5614576.5	974.451	16250	2	573	0	5.544	23	83.074	74	4	1
579	4413087.5	5614609.5	956.26	9375	2	572	0	4.229	41	60.592	11	4	1
580	4412175	5614463.5	866.078	23125	3	0	300	5.793	318	250.536	64	4	1
581	4412312.5	5614595	862.282	7500	2	584	0	8.937	314	64.818	21	4	1
582	4412937.5	5614551.5	960.207	11875	2	567	0	2.044	277	54.905	11	4	1
583	4413087.5	5614639	952.909	1875	2	560	0	5.243	46	35.355	21	4	1
584	4412250	5614559.5	860.452	6875	2	580	0	8.033	316	87.238	21	4	1
585	4413175	5614603	948.664	2500	2	572	0	7.173	41	35.355	21	4	1
586	4411562.5	5614424.5	957.049	32500	2	576	0	10.495	90	57.217	11	4	1
587	4412025	5614479.5	871.804	25625	3	0	300	4.732	33	173.129	21	4	1
588	4413087.5	5614523.5	959.627	9375	2	589	0	4.236	41	75.425	74	4	1
589	4413162.5	5614512.5	958.397	13125	2	593	0	5.214	44	77.445	74	4	1
590	4411462.5	5614374.5	970.268	43750	2	586	0	6.387	128	102.976	11	4	1
591	4413275	5614517	948.761	2500	2	496	0	6.533	55	44.194	11	4	1
592	4412862.5	5614492	951.445	1875	2	468	0	9.637	249	25	11	4	1
593	4413225	5614481	954.858	4375	2	591	0	5.508	49	50.508	74	4	1
594	4411125	5614465.5	980.065	3750	2	577	0	1.781	272	39.522	11	4	1
595	4411237.5	5614456	981.537	4375	2	578	0	1.217	22	40.406	74	4	1
596	4411775	5614018	912.365	146250	3	0	300	5.999	60	258.274	21	4	1
597	4412125	5614018	909.723	208125	2	580	0	6.234	315	303.24	21	4	1
598	4413100	5614397	965.35	6250	2	588	0	1.816	0	59.926	74	4	1
599	4412225	5614387.5	878.699	10625	2	580	0	9.7	314	52.855	21	4	1
600	4412287.5	5614409.5	881.121	5625	2	599	0	9.083	315	39.284	21	4	1
601	4411312.5	5614415.5	981.479	2500	2	573	0	2.015	13	32.767	11	4	1
602	4413062.5	5614339	965.924	5625	2	567	0	1.527	241	51.545	74	4	1
603	4413062.5	5614403	965.868	1250	2	557	0	1.428	326	35.355	74	4	1
604	4411362.5	5614367	981.098	5000	2	590	0	1.556	60	41.605	11	4	1
605	4413150	5614378	966.32	1875	2	589	0	1.798	4	43.689	74	4	1
606	4411337.5	5614317	980.966	3750	2	608	0	1.126	154	61.366	11	4	1
607	4412375	5614084	907.583	51875	2	580	0	7.513	309	188.007	11	4	1
608	4411450	5614212.5	964.977	13750	2	610	0	6.563	135	128.565	11	4	1
609	4412287.5	5614134.5	907.492	10625	2	607	0	9.147	304	56.153	21	4	1
610	4411525	5614092	947.712	2500	2	596	0	5.198	138	44.194	11	4	1
611	4412675	5614059.5	937.212	11250	2	568	0	1.564	294	39.284	11	4	1
612	4412450	5613973.5	934.822	9375	2	597	0	1.859	312	35.355	11	4	1
613	4411750	5613898.5	928.108	13750	2	596	0	2.088	75	65.21	11	4	1
614	4412212.5	5613870	923.769	21250	2	597	0	4.543	306	75.858	11	4	1
#end_of_hru_new.par	