#reach.par - Gehlberg						
ID	length	to-reach	slope	rough	width	deepsink
0	0	0	0	0	0	0  
99999999	99999999	99999999	90	9999	99999999	1  
n/a	m	n/a	%	n/a	m	n/a
100	1379	200	0.0969	30	0.841	0.0
200	1916	900	0.0333	30	3.403	0.0
300	2182	400	0.0666	30	1.331	0.0
400	1112	600	0.0558	30	2.009	0.0
500	931	400	0.0946	30	0.568	0.0
600	368	200	0.0477	30	2.234	0.0
700	653	600	0.1528	30	0.398	0.0
800	481	0	0.0265	30	4	0.0
900	498	800	0.0278	30	3.707	0.0
1000	590	800	0.1191	30	0.36	0.0
1100	2347	900	0.091	30	1.432	0.0
#end of reach.par



