# soil parameters for the Gera catchment, derived by Manfred Fink 10/2004, created 27-02-06																													
SID	depth	kf_min	depth_min	kf_max	cap_rise	aircap	fc_sum	fc_1	fc_2	fc_3	fc_4	fc_5	fc_6	fc_7	fc_8	fc_9	fc_10	fc_11	fc_12	fc_13	fc_14	fc_15	fc_16	fc_17	fc_18	fc_19	fc_20	fc_21	fc_22
1	0	0	0	0	0	0	0	0	0	0	0	0	0	0	0	0	0	0	0	0	0	0	0	0	0	0	0	0	0
-9999	-9999	-9999	-9999	-9999	1	-9999	-9999	-9999	-9999	-9999	-9999	-9999	-9999	-9999	-9999	-9999	-9999	-9999	-9999	-9999	-9999	-9999	-9999	-9999	-9999	-9999	-9999	-9999	-9999
n/a	cm	m/d	m	m/d	0/1	mm	mm	mm/dm	mm/dm	mm/dm	mm/dm	mm/dm	mm/dm	mm/dm	mm/dm	mm/dm	mm/dm	mm/dm	mm/dm	mm/dm	mm/dm	mm/dm	mm/dm	mm/dm	mm/dm	mm/dm	mm/dm	mm/dm	mm/dm
11	135	0.32	0.5	0.75	0	128.4	77.9	16.4	10.2	10.2	6.9	3.6	3.6	3.6	3.6	3.6	3.6	3.6	3.6	3.6	1.8	0	0	0	0	0	0	0	0
12	100	0.2	0.1	0.2	0	25.6	50	21.2	3.2	3.2	3.2	3.2	3.2	3.2	3.2	3.2	3.2	0	0	0	0	0	0	0	0	0	0	0	0
21	140	0.32	0.5	0.75	0	77.4	90.8	17.4	17.4	6	6	6	6	6	2.6	2.6	2.6	2.6	2.6	2.6	2.6	2.6	2.6	2.6	0	0	0	0	0
22	160	0.21	0.5	0.43	0	48.7	91.7	20.2	8.5	8.5	8.5	8.5	8.5	2.9	2.9	2.9	2.9	2.9	2.9	2.9	2.9	2.9	2.9	0	0	0	0	0	0
23	100	0.2	0.2	0.2	0	32.8	63.4	18.9	18.9	3.2	3.2	3.2	3.2	3.2	3.2	3.2	3.2	0	0	0	0	0	0	0	0	0	0	0	0
31	180	0.21	0.5	0.43	0	74.1	132.1	20.2	20.2	20.2	8.5	8.5	8.5	8.5	8.5	2.9	2.9	2.9	2.9	2.9	2.9	2.9	2.9	2.9	2.9	0	0	0	0
32	100	0.2	0.3	0.2	0	44.8	86	21.2	21.2	21.2	3.2	3.2	3.2	3.2	3.2	3.2	3.2	0	0	0	0	0	0	0	0	0	0	0	0
41	160	0.32	0.5	0.75	0	164.9	161.4	22.6	22.6	22.6	19.2	19.2	19.2	3.6	3.6	3.6	3.6	3.6	3.6	3.6	3.6	3.6	3.6	0	0	0	0	0	0
42	190	0.14	0.5	0.2	0	66.4	141.9	21.2	21.2	8	8	8	8	8	8	8	6.2	6.2	6.2	6.2	6.2	2.5	2.5	2.5	2.5	2.5	0	0	0
43	100	0.2	0.4	0.2	0	49.6	94.8	18.9	18.9	18.9	18.9	3.2	3.2	3.2	3.2	3.2	3.2	0	0	0	0	0	0	0	0	0	0	0	0
44	100	0.1	0.2	0.1	0	17.8	62.6	19.7	19.7	2.9	2.9	2.9	2.9	2.9	2.9	2.9	2.9	0	0	0	0	0	0	0	0	0	0	0	0
51	110	0.1	0.7	0.31	0	46.9	113.6	23.5	23.5	23.5	23.5	2.8	2.8	2.8	2.8	2.8	2.8	2.8	0	0	0	0	0	0	0	0	0	0	0
52	180	0.75	0.3	2.29	0	76.5	174.5	24	24	24	34.2	34.2	34.2	0	0	0	0	0	0	0	0	0	0	0	0	0	0	0	0
53	100	0.1	0.3	0.1	0	23.2	79.4	19.7	19.7	19.7	2.9	2.9	2.9	2.9	2.9	2.9	2.9	0	0	0	0	0	0	0	0	0	0	0	0
54	140	0.08	0.5	0.41	0	51.6	132.3	18	18	18	9.3	6.9	6.9	6.9	6.9	6.9	6.9	6.9	6.9	6.9	6.9	0	0	0	0	0	0	0	0
55	130	0.14	0.5	0.2	0	66.1	132.1	21.2	21.2	21.2	11.2	11.2	11.2	11.2	11.2	2.5	2.5	2.5	2.5	2.5	0	0	0	0	0	0	0	0	0
61	150	0.14	0.5	0.2	0	78.1	154.9	21.2	21.2	21.2	21.2	9.6	9.6	9.6	9.6	9.6	9.6	2.5	2.5	2.5	2.5	2.5	0	0	0	0	0	0	0
62	190	0.21	0.5	0.43	0	108.8	189.8	20.2	20.2	20.2	20.2	16	16	16	16	16	2.9	2.9	2.9	2.9	2.9	2.9	2.9	2.9	2.9	2.9	0	0	0
63	110	0.03	0.5	0.1	0	22.6	85.2	19.7	19.7	8.7	8.7	8.7	8.7	2.2	2.2	2.2	2.2	2.2	0	0	0	0	0	0	0	0	0	0	0
64	180	0.32	0.5	0.75	0	626.5	354.5	24	24	24	34.2	34.2	34.2	18	18	18	18	18	18	18	18	18	18	0	0	0	0	0	0
65	190	0.21	0.5	0.43	0	124	201	23	23	23	23	16	16	16	16	16	2.9	2.9	2.9	2.9	2.9	2.9	2.9	2.9	2.9	2.9	0	0	0
71	180	0.14	0.5	0.2	0	121	272.5	22.5	22.5	22.5	26.7	26.7	26.7	12.5	12.5	12.5	12.5	12.5	12.5	12.5	12.5	12.5	12.5	0	0	0	0	0	0
72	120	0.03	0.5	0.1	0	26.2	101.4	19.7	19.7	10.2	10.2	10.2	10.2	10.2	2.2	2.2	2.2	2.2	2.2	0	0	0	0	0	0	0	0	0	0
73	200	0.14	0.5	0.2	0	145	317.5	22.5	22.5	22.5	22.5	22.5	16	16	16	16	16	12.5	12.5	12.5	12.5	12.5	12.5	12.5	12.5	12.5	12.5	0	0
74	220	0.05	0.5	0.2	0	94.5	403	31.5	31.5	31.5	31.5	31.5	31.5	31.5	14.5	14.5	14.5	14.5	14.5	11	11	11	11	11	11	11	11	11	11
75	180	0.18	0.5	0.26	0	67.7	194.6	21.2	21.2	21.2	26.7	26.7	26.7	7.3	7.3	7.3	7.3	7.3	2.9	2.9	2.9	2.9	2.9	0	0	0	0	0	0
76	180	0.09	0.5	0.31	0	84	353	23.5	23.5	23.5	34.2	34.2	34.2	18	18	18	18	18	18	18	18	18	18	0	0	0	0	0	0
81	220	0.41	0.7	3.49	0	164	252	28.5	28.5	28.5	28.5	28.5	28.5	28.5	10.5	10.5	10.5	10.5	10.5	0	0	0	0	0	0	0	0	0	0
82	220	0.03	0.5	0.31	0	111	344.5	23.5	23.5	23.5	23.5	23.5	23.5	23.5	14	14	14	14	14	11	11	11	11	11	11	11	11	11	11
83	140	0.03	0.5	0.1	0	34.7	131.3	19.7	19.7	19.7	10.2	10.2	10.2	10.2	10.2	10.2	2.2	2.2	2.2	2.2	2.2	0	0	0	0	0	0	0	0
84	220	0.09	0.5	0.31	0	126	447	23.5	23.5	23.5	23.5	23.5	23.5	23.5	20.5	20.5	20.5	20.5	20.5	18	18	18	18	18	18	18	18	18	18
85	220	0.14	0.5	0.2	0	124.9	248.4	21.2	21.2	21.2	21.2	21.2	21.2	21.2	15	15	15	15	15	2.5	2.5	2.5	2.5	2.5	2.5	2.5	2.5	2.5	2.5
91	160	0.03	0.5	0.1	0	44.8	166.4	21	21	21	21	10.2	10.2	10.2	10.2	10.2	10.2	10.2	2.2	2.2	2.2	2.2	2.2	0	0	0	0	0	0
92	190	0.03	0.5	0.1	0	75.5	296.5	28.5	28.5	28.5	28.5	14.5	14.5	14.5	14.5	14.5	11	11	11	11	11	11	11	11	11	11	0	0	0
93	220	0.03	0.5	0.1	0	83	329.5	21	21	21	21	21	21	21	14.5	14.5	14.5	14.5	14.5	11	11	11	11	11	11	11	11	11	11
#end of soils.par